generation,prey_fitness,predator_fitness,num_alive_end,avg_bb_size,var_bb_size,avg_shortest_dist,swarm_density_count,prey_neurons_connected_prey_retina,prey_neurons_connected_predator_retina,predator_neurons_connected_prey_retina,mutual_info
1,80919.000000,19081.000000,31,225406.920977,2118460700.714728,2733.078356,0.538230,4,4,1,0.017929
1,72066.000000,27934.000000,25,227360.751563,2044898279.870429,2934.226893,0.455977,4,4,1,0.014932
2,77586.000000,22414.000000,33,230289.618998,1838554858.774006,2836.387925,0.446752,4,4,1,0.012893
3,99545.000000,455.000000,49,231667.743120,1838971794.056268,1920.805147,0.530444,4,4,1,0.002106
4,79226.000000,20774.000000,25,229663.376496,1953521400.263041,2914.455453,0.419492,4,4,2,0.013928
5,78226.000000,21774.000000,28,223067.972292,1950997593.737911,2556.004197,0.454003,4,4,1,0.014459
6,75281.000000,24719.000000,25,231337.953380,1967254280.358421,2667.154988,0.488553,4,4,2,0.019301
7,81247.000000,18753.000000,32,226501.119327,2356365365.074223,2327.265810,0.553410,4,4,1,0.017719
8,78314.000000,21686.000000,29,228000.636390,1942753180.262254,2719.706752,0.499608,4,4,2,0.023276
9,78793.000000,21207.000000,27,230163.521957,1851966884.424499,2723.070792,0.450689,4,4,1,0.014722
10,77393.000000,22607.000000,28,231054.891175,2039649220.787897,2602.640512,0.457439,4,4,1,0.017050
11,69905.000000,30095.000000,22,225978.979906,2142290493.249480,2732.824438,0.506640,4,4,1,0.024703
12,77629.000000,22371.000000,25,231508.691033,1959333273.361962,2523.035540,0.549827,4,4,1,0.024360
13,76352.000000,23648.000000,29,234729.504672,1662764707.337935,2720.237533,0.449739,4,3,1,0.016145
14,75832.000000,24168.000000,26,231745.326574,1817537449.804262,2840.686803,0.493160,4,3,1,0.016819
15,73940.000000,26060.000000,25,229626.127651,2428337399.732891,2440.884256,0.523685,4,3,1,0.018661
16,83417.000000,16583.000000,32,233304.224405,1664754585.528662,2654.625889,0.445071,4,3,1,0.018540
17,73947.000000,26053.000000,23,228748.070752,2289008972.576846,3038.563995,0.488607,4,3,1,0.023147
18,83623.000000,16377.000000,32,229699.464416,1720972813.746264,2278.081376,0.410684,3,4,1,0.019071
19,80819.000000,19181.000000,31,232973.930455,1787821383.349482,2798.520538,0.393227,3,4,1,0.013463
20,84126.000000,15874.000000,37,226552.657364,2263227125.137892,2473.238491,0.496308,3,4,1,0.013518
21,76340.000000,23660.000000,29,220866.575712,2234498034.637939,2407.747558,0.440003,3,4,1,0.016139
22,84520.000000,15480.000000,37,229897.808927,1863503168.983945,2365.040757,0.450642,3,4,1,0.009738
23,82586.000000,17414.000000,32,227234.832582,1604677377.502433,2571.519831,0.409591,3,4,1,0.018550
24,84506.000000,15494.000000,33,224515.010257,2202263403.409363,2405.956213,0.481607,3,4,1,0.018576
25,80195.000000,19805.000000,36,232595.380613,1897816143.491669,2695.394927,0.392513,3,4,2,0.019602
26,92871.000000,7129.000000,45,232119.407090,1985256152.077826,2282.012022,0.451352,3,4,1,0.002887
27,82749.000000,17251.000000,27,229627.788465,2071866387.599808,2492.579290,0.506362,3,4,1,0.021264
28,73652.000000,26348.000000,26,221862.212903,1724651082.952345,3113.889505,0.421794,3,4,1,0.026340
29,80894.000000,19106.000000,27,230288.211841,1980355101.030445,2275.621490,0.582302,3,4,1,0.011783
30,78880.000000,21120.000000,28,225147.826124,2067482407.405109,2722.380550,0.429253,3,4,3,0.012538
31,74582.000000,25418.000000,26,226671.938329,1836894747.316243,2860.870089,0.426193,3,4,1,0.010379
32,81794.000000,18206.000000,32,226642.215941,2243409222.113843,2682.130254,0.505354,3,4,1,0.011910
33,74362.000000,25638.000000,28,231819.009742,1899557900.375062,2904.056535,0.417055,3,4,1,0.015543
34,75756.000000,24244.000000,24,225036.779253,1975243899.237004,3099.134814,0.443052,3,4,1,0.017247
35,77935.000000,22065.000000,29,213747.224305,1766546888.740123,2379.663294,0.468377,3,4,1,0.015163
36,70865.000000,29135.000000,28,232958.541305,1756683175.215937,3272.416409,0.319946,3,4,1,0.016312
37,67103.000000,32897.000000,22,227954.835772,1794029699.280751,3662.512456,0.425837,3,4,1,0.014943
38,75653.000000,24347.000000,23,233295.119516,1546624038.314138,2924.125818,0.407398,3,4,1,0.017546
39,85522.000000,14478.000000,33,231804.648412,2049788380.861523,2340.583981,0.513904,3,4,1,0.020035
40,77489.000000,22511.000000,26,145679.293756,705534597.703808,1754.087748,0.887866,6,8,1,0.017652
41,76815.000000,23185.000000,29,174288.470463,850683560.662863,1807.962548,0.691677,6,8,1,0.028543
42,83753.000000,16247.000000,36,198071.099934,1347741381.170774,1825.025729,0.656445,6,8,3,0.012166
43,78901.000000,21099.000000,30,204516.055324,1264493592.189825,2169.770595,0.590418,6,8,1,0.011152
44,78264.000000,21736.000000,29,186855.434176,1167460757.544405,2305.957716,0.700902,6,8,1,0.014769
45,77620.000000,22380.000000,25,177601.290031,1386745775.557081,1969.122068,0.719082,6,8,1,0.015274
46,82030.000000,17970.000000,33,176977.131120,1033429476.723016,1816.493423,0.792303,3,8,1,0.014872
47,76166.000000,23834.000000,32,202623.046986,1447275944.406237,2141.746337,0.642605,3,8,1,0.015315
48,75180.000000,24820.000000,25,164765.032536,958499678.083059,1974.084457,0.864628,5,8,1,0.016610
49,81281.000000,18719.000000,30,164267.115947,788559932.666466,1748.969624,0.736100,5,8,1,0.028979
50,76234.000000,23766.000000,28,176814.677228,769431702.062821,1922.338447,0.768585,5,8,1,0.019137
51,76196.000000,23804.000000,25,165669.187941,698682819.843409,1870.080453,0.753636,6,7,1,0.010401
52,76499.000000,23501.000000,29,172662.379089,1333537415.988612,1923.825222,0.784895,6,7,1,0.023110
53,79150.000000,20850.000000,31,190694.090596,1046208013.087102,2200.096633,0.788099,6,7,3,0.021403
54,80566.000000,19434.000000,36,193964.538007,1283251377.863200,2084.009867,0.859569,6,7,1,0.016641
55,68949.000000,31051.000000,23,190118.425862,1129004904.441363,2537.516285,0.524424,6,7,1,0.019233
56,82428.000000,17572.000000,30,205579.131223,1101031461.693027,2189.038561,0.707161,6,7,1,0.025727
57,81324.000000,18676.000000,31,217066.108289,1443120499.751159,2005.977835,0.537838,6,7,1,0.016086
58,74896.000000,25104.000000,28,208755.192480,1156981365.312458,2537.360366,0.584144,6,7,1,0.012910
59,84005.000000,15995.000000,34,213959.898410,1444145628.366657,2128.134056,0.605271,6,7,2,0.017208
60,79527.000000,20473.000000,26,196919.510706,1270401549.115848,2234.243137,0.632771,6,7,1,0.013023
61,73800.000000,26200.000000,23,192195.180933,1204100084.570057,2391.298863,0.666926,6,7,1,0.026245
62,75715.000000,24285.000000,26,204036.520174,1287428831.941448,2490.920579,0.570806,6,7,3,0.017177
63,80032.000000,19968.000000,32,214721.678308,1345857938.222178,2472.831581,0.577127,6,7,1,0.019979
64,77206.000000,22794.000000,25,196139.821933,1203920280.232638,2222.302097,0.672296,6,7,1,0.020946
65,72084.000000,27916.000000,22,190684.580495,1156495036.503266,2431.308278,0.592429,6,7,1,0.018532
66,78689.000000,21311.000000,28,201178.495179,1389568819.904718,2051.355270,0.658913,6,7,3,0.018445
67,74065.000000,25935.000000,25,205981.119553,1182459766.174885,3012.044070,0.560051,6,7,1,0.015397
68,70205.000000,29795.000000,25,187241.356551,1179330846.289481,2316.578293,0.558003,6,7,2,0.016706
69,65828.000000,34172.000000,19,165103.980750,1218346688.649651,2224.278326,0.559964,6,7,1,0.023990
70,73600.000000,26400.000000,25,188074.575466,1301456919.821236,2340.214006,0.655272,6,7,1,0.021807
71,78035.000000,21965.000000,26,203721.223499,1535665396.258421,2377.457831,0.581432,6,7,3,0.017636
72,81143.000000,18857.000000,30,207621.725915,1446695720.733244,2123.317094,0.577111,6,7,1,0.029204
73,80016.000000,19984.000000,31,206386.032924,1352749346.523639,2047.272641,0.525429,6,7,1,0.019882
74,86051.000000,13949.000000,32,193718.277106,1042648735.043898,1893.119919,0.663544,6,7,1,0.020933
75,86368.000000,13632.000000,35,202284.068724,1514122127.511751,1915.175576,0.686787,6,7,1,0.015458
76,71612.000000,28388.000000,23,201948.442830,1314622596.778586,2521.950362,0.597028,6,7,1,0.014947
77,74901.000000,25099.000000,27,203328.320830,1379088744.901470,2253.487136,0.583180,6,7,3,0.014917
78,75011.000000,24989.000000,26,173924.660080,1329343660.304114,2135.291499,0.734393,6,7,2,0.025889
79,70562.000000,29438.000000,23,164691.411385,822514374.013655,2029.026920,0.852206,6,7,1,0.012267
80,82592.000000,17408.000000,35,190316.023049,1324994243.067264,1637.061740,0.664860,6,7,1,0.017119
81,75527.000000,24473.000000,25,156135.302141,767381678.306348,1759.001628,0.813287,6,7,1,0.015211
82,95526.000000,4474.000000,47,206990.359546,1568856369.957102,1900.842674,0.758761,6,7,1,0.010245
83,86015.000000,13985.000000,37,193442.760260,1153517962.538996,1784.366128,0.768948,6,7,1,0.007547
84,93825.000000,6175.000000,45,214339.194751,1311995680.107575,1831.468760,0.795474,6,7,1,0.002668
85,73761.000000,26239.000000,25,158952.613741,1386523693.457511,1745.764748,0.879193,6,7,3,0.023162
86,66649.000000,33351.000000,21,163506.259154,929200273.879986,2092.220832,0.667395,6,7,1,0.016835
87,77305.000000,22695.000000,27,188048.861331,1422487000.742888,1973.445987,0.735856,6,7,1,0.023346
88,77204.000000,22796.000000,26,196701.982371,1433079078.678646,1931.523979,0.693785,6,7,2,0.022481
89,76171.000000,23829.000000,26,178226.318361,798863501.168284,2174.004131,0.792528,6,7,1,0.017708
90,78051.000000,21949.000000,27,169425.183576,1250728031.535661,1871.908967,0.775951,6,6,1,0.023341
91,72483.000000,27517.000000,23,173268.898066,1743267776.410414,2085.347559,0.674597,6,6,2,0.019193
92,96552.000000,3448.000000,47,210674.155849,1541471950.294365,1527.513134,0.730775,6,6,1,0.010151
93,73697.000000,26303.000000,26,175020.899763,822125437.510517,1782.386448,0.762990,6,6,1,0.035365
94,73809.000000,26191.000000,24,151364.820354,802117437.569922,1667.649318,0.693776,6,6,1,0.027782
95,67725.000000,32275.000000,19,175803.394335,1232707734.709416,2024.203374,0.678184,6,6,1,0.023770
96,77493.000000,22507.000000,27,179908.516867,1010597771.275178,1935.836670,0.749724,6,6,1,0.013689
97,75013.000000,24987.000000,23,184542.662226,1875721695.421654,2461.201092,0.614374,6,6,1,0.022224
98,68015.000000,31985.000000,19,178794.567152,1085937452.196234,2388.488227,0.578904,6,6,1,0.034039
99,74877.000000,25123.000000,27,175080.882167,1218124066.825511,2160.546987,0.779436,6,6,2,0.014384
100,93357.000000,6643.000000,43,212812.144353,1309145229.431419,1719.631571,0.722172,6,6,2,0.009657
101,76823.000000,23177.000000,27,216170.588462,1523343401.360183,2492.565095,0.548279,6,6,1,0.016044
102,77563.000000,22437.000000,28,191852.991063,913700033.863289,1901.818817,0.658604,6,6,1,0.018574
103,72399.000000,27601.000000,22,167460.525841,823785179.582638,1950.599924,0.710109,6,6,1,0.026639
104,97925.000000,2075.000000,48,193260.523978,1140646280.965079,1603.242308,0.916948,6,6,1,0.001733
105,69118.000000,30882.000000,20,178284.886953,907864997.158822,2068.536931,0.637858,6,6,1,0.017300
106,76295.000000,23705.000000,29,186815.336939,1488186565.642602,2046.843812,0.766105,6,6,3,0.023495
107,70870.000000,29130.000000,23,159678.480445,669475542.043861,1841.984341,0.888614,6,6,1,0.014063
108,73541.000000,26459.000000,26,168377.804893,1108954111.537906,2167.752619,0.820759,5,5,1,0.012554
109,79261.000000,20739.000000,28,169384.434656,651475474.730927,1592.379829,0.836002,4,3,1,0.019410
110,72899.000000,27101.000000,22,160373.133164,980821525.614020,1801.226352,0.821372,4,3,1,0.017552
111,77511.000000,22489.000000,31,193817.709266,1412413352.044726,1980.323357,0.712506,4,3,1,0.034120
112,79094.000000,20906.000000,29,173838.454790,1242315837.513027,1837.579959,0.756064,4,3,1,0.014145
113,93531.000000,6469.000000,45,205988.441252,990370369.042771,1716.770926,0.841417,4,3,0,0.000000
114,75028.000000,24972.000000,25,159093.476688,965664468.489211,1901.183956,0.834255,4,3,1,0.022353
115,72502.000000,27498.000000,27,152157.280113,644465309.497229,1804.830683,0.859583,4,3,1,0.040244
116,75239.000000,24761.000000,26,196776.735274,1494510184.423404,2081.111273,0.668702,4,3,1,0.027211
117,78627.000000,21373.000000,29,185715.759414,1348161697.127891,1967.142257,0.662739,4,3,1,0.016529
118,74587.000000,25413.000000,21,133274.979028,614321299.390875,1556.706428,0.945773,4,3,1,0.022338
119,69435.000000,30565.000000,23,171863.763848,639842215.794314,2156.324730,0.668374,4,3,1,0.023117
120,81182.000000,18818.000000,31,201358.771945,1273160500.113962,2198.130897,0.656400,4,3,1,0.009163
121,71198.000000,28802.000000,24,186541.764884,1104757574.382020,2388.342228,0.669600,4,3,1,0.022829
122,74001.000000,25999.000000,27,171700.918758,782291073.612266,1745.408349,0.738709,4,3,1,0.015714
123,77167.000000,22833.000000,26,166724.198292,602014590.754516,1734.674486,0.782646,4,3,1,0.017651
124,80202.000000,19798.000000,28,178637.880273,1050885082.092915,1957.507191,0.787280,4,3,1,0.007866
125,81961.000000,18039.000000,33,165854.269706,1115073342.578326,1688.480295,0.957953,4,3,2,0.010780
126,73221.000000,26779.000000,24,99275.020778,278462128.683703,1213.694052,0.937578,4,3,1,0.028335
127,76438.000000,23562.000000,26,118825.030831,315696114.131831,1389.035307,0.908273,3,3,1,0.009567
128,74197.000000,25803.000000,25,99078.732982,247655409.066331,1173.766754,0.949478,3,3,1,0.010637
129,77608.000000,22392.000000,27,97820.502790,138992314.569753,1075.467207,1.170614,3,3,1,0.014401
130,74034.000000,25966.000000,24,128840.898345,773822894.958993,1782.395739,0.914922,3,3,1,0.013319
131,79925.000000,20075.000000,29,147543.318669,909407378.467219,1415.977848,0.885453,3,3,1,0.010531
132,90944.000000,9056.000000,41,180146.969345,1750087882.212107,1659.688577,0.710185,3,3,1,0.012358
133,71350.000000,28650.000000,25,115847.835474,514457775.279613,1509.791242,0.797738,3,3,1,0.013388
134,97193.000000,2807.000000,47,182293.609268,1608793104.255857,1546.850941,0.875765,3,3,0,0.000000
135,78708.000000,21292.000000,30,132849.772809,443709146.162751,1409.070903,0.809982,3,3,1,0.012934
136,71909.000000,28091.000000,21,132479.748118,439664605.556976,1796.942035,0.770877,3,3,1,0.010565
137,72489.000000,27511.000000,27,125932.970252,1185588266.272444,1687.683335,0.831569,3,3,1,0.017605
138,73252.000000,26748.000000,26,110772.683159,278818576.306327,1238.280198,0.848600,3,3,1,0.019020
139,70641.000000,29359.000000,21,112957.489733,413586092.912163,1439.416622,0.893718,3,3,1,0.017338
140,71914.000000,28086.000000,26,94856.588444,218570625.860323,1244.649934,1.041905,3,3,1,0.010017
141,73143.000000,26857.000000,25,99532.010857,167606037.938684,1081.556824,0.963802,3,3,1,0.013673
142,82259.000000,17741.000000,30,120273.202771,440122192.589319,1291.373092,1.180753,2,4,1,0.021067
143,69085.000000,30915.000000,21,108536.831165,287886456.065807,1426.363907,0.772437,2,4,1,0.018637
144,69767.000000,30233.000000,23,99807.085696,358351798.951266,1198.835699,0.879276,2,4,1,0.016207
145,72731.000000,27269.000000,23,104123.989735,199272672.413515,1272.847347,1.052609,2,4,2,0.010271
146,65252.000000,34748.000000,20,98436.557084,260906056.889339,1260.578555,0.904244,2,4,2,0.011289
147,74562.000000,25438.000000,22,92802.046505,464870781.188546,1026.078392,1.069095,2,4,2,0.011632
148,79801.000000,20199.000000,29,119255.884272,612707128.051275,1218.882011,0.971189,2,4,1,0.005223
149,71150.000000,28850.000000,24,102779.958191,251791519.500446,1111.237335,0.898492,2,4,2,0.017376
150,71466.000000,28534.000000,24,118203.904218,320493279.025552,1510.558074,0.870456,2,4,2,0.012694
151,78401.000000,21599.000000,31,110056.331883,301379484.592803,1107.306853,0.963770,2,4,1,0.010483
152,92939.000000,7061.000000,45,170361.776389,1178345500.460694,1481.681477,0.897707,2,4,1,0.003573
153,75204.000000,24796.000000,24,129733.112070,485638285.366873,1520.217312,0.766784,2,4,1,0.008321
154,75958.000000,24042.000000,25,104886.535228,770657887.815190,1131.754548,1.084673,2,4,1,0.013011
155,75696.000000,24304.000000,27,107789.416545,279355986.528131,1139.722375,1.089806,2,4,1,0.009327
156,66414.000000,33586.000000,18,85640.409458,662836173.449517,1113.357205,0.931057,2,4,1,0.011590
157,71879.000000,28121.000000,23,90572.081259,416028469.878370,978.203464,1.144198,2,4,1,0.012167
158,73307.000000,26693.000000,21,93252.100193,195712032.125618,1262.966502,0.866578,2,4,2,0.015206
159,71858.000000,28142.000000,21,90918.243557,378242111.922549,1053.232849,1.082883,2,4,1,0.014505
160,63281.000000,36719.000000,15,74087.164935,325163698.395005,1098.690403,1.003012,2,4,2,0.012067
161,80954.000000,19046.000000,30,127759.595793,457016598.108020,1403.232217,0.820357,2,4,1,0.009610
162,71714.000000,28286.000000,23,84532.307894,116854008.660265,996.173876,1.002528,2,4,2,0.015092
163,75977.000000,24023.000000,25,110839.457301,403004866.195650,1485.190685,0.873269,2,4,3,0.021521
164,67067.000000,32933.000000,18,73226.127721,289493406.756689,913.958076,1.123039,2,4,2,0.010641
165,71718.000000,28282.000000,21,103628.938779,430745175.787645,1171.959311,0.966451,2,4,1,0.013397
166,90495.000000,9505.000000,40,163826.050784,1620942950.922201,1351.574865,0.903742,2,4,3,0.003650
167,97270.000000,2730.000000,47,129283.423249,259768949.070180,1051.443029,1.119990,2,4,3,0.008083
168,70266.000000,29734.000000,23,103774.097652,196971164.937341,1357.194408,0.973218,2,4,1,0.009847
169,68067.000000,31933.000000,18,102552.507008,494014231.882096,1386.107228,0.940500,2,4,1,0.018985
170,81630.000000,18370.000000,30,146051.354538,846982003.487317,1445.113841,0.896196,2,4,1,0.007728
171,76867.000000,23133.000000,29,144937.909069,426987214.564673,1571.092898,0.671822,2,4,1,0.011077
172,75401.000000,24599.000000,25,146878.684409,622426794.654262,1551.387400,0.785142,2,4,3,0.012800
173,80395.000000,19605.000000,30,144976.256787,942721971.695319,1347.141015,1.077572,2,4,1,0.008987
174,82473.000000,17527.000000,33,148878.494014,644758889.117698,1653.177882,0.920404,2,4,1,0.020480
175,78058.000000,21942.000000,27,133377.103371,594584310.330982,1244.646674,0.909798,2,4,1,0.013360
176,82475.000000,17525.000000,29,144987.732339,497987326.254695,1506.407746,0.915438,2,4,1,0.008930
177,74454.000000,25546.000000,27,149086.477627,898231773.158522,1957.126217,0.709320,2,4,1,0.015316
178,83358.000000,16642.000000,32,148987.483854,531269595.727714,1491.390679,0.895764,2,4,1,0.012239
179,80706.000000,19294.000000,26,146713.610172,587953773.569325,1576.647020,0.877733,2,4,1,0.012548
180,70753.000000,29247.000000,26,145256.988527,526694305.985462,1574.451003,0.773585,2,4,1,0.019694
181,77583.000000,22417.000000,28,182369.222979,1069646781.549250,2209.215138,0.747919,2,4,1,0.020687
182,79960.000000,20040.000000,30,135966.567492,667155471.972070,1354.466578,1.007776,2,4,1,0.016544
183,80449.000000,19551.000000,30,140969.003157,551075158.317276,1532.834021,0.817412,2,4,1,0.009545
184,71160.000000,28840.000000,22,144361.891591,508949719.537554,1909.270872,0.723745,2,4,3,0.016165
185,93183.000000,6817.000000,44,174312.072384,1282371585.593926,1446.273465,0.808000,2,4,0,0.001573
186,82929.000000,17071.000000,33,156696.360906,1475435193.348843,1698.353918,0.832005,2,4,1,0.053039
187,77182.000000,22818.000000,29,153290.109023,1410992372.187039,1606.785948,0.761762,2,4,1,0.026633
188,85068.000000,14932.000000,34,185923.859440,1367471412.903877,1961.562440,0.709217,2,4,1,0.013024
189,74852.000000,25148.000000,27,135887.970140,694060718.654010,1555.486759,0.869591,2,4,1,0.013072
190,76720.000000,23280.000000,29,170569.237885,1283828864.883054,1971.092273,0.786728,2,4,2,0.009581
191,77831.000000,22169.000000,27,134236.058910,508554960.689347,1502.630674,0.944698,2,4,1,0.019967
192,80212.000000,19788.000000,29,160970.641238,926301620.174089,1752.419662,0.771779,2,4,2,0.015428
193,95939.000000,4061.000000,46,189253.244905,1218578296.497814,1539.568747,0.917281,2,4,0,-0.000000
194,71762.000000,28238.000000,23,149064.853442,748867204.199692,1844.709645,0.742492,2,4,1,0.028100
195,74459.000000,25541.000000,26,147459.462306,499125029.128420,1548.577791,0.742380,2,4,1,0.016583
196,71804.000000,28196.000000,24,145542.393447,415235867.345512,1670.126617,0.801706,2,4,1,0.021803
197,81193.000000,18807.000000,31,155619.225535,1054814373.568714,1695.804589,0.919888,2,4,1,0.014795
198,77560.000000,22440.000000,30,170972.814859,775254845.550540,1733.342726,0.716597,2,4,1,0.014564
199,73616.000000,26384.000000,25,141157.587093,871288437.263521,1882.295509,0.926050,2,4,1,0.014300
200,73966.000000,26034.000000,26,140857.487343,537111699.319069,1628.656588,0.889068,2,4,1,0.011090
201,79184.000000,20816.000000,32,153561.601830,709244043.879332,1565.745959,0.944671,2,4,1,0.014192
202,72417.000000,27583.000000,24,129641.649347,439055426.510308,1548.488590,0.855169,2,4,1,0.020417
203,75485.000000,24515.000000,28,139624.750583,363833173.409007,1584.159569,0.885770,2,4,1,0.014554
204,81193.000000,18807.000000,32,151631.239269,606083501.694353,1710.752648,0.861206,2,4,1,0.012344
205,74529.000000,25471.000000,26,168890.496378,935837095.904936,1820.207413,0.741370,2,4,1,0.015509
206,72957.000000,27043.000000,23,119395.490532,374219628.383177,1459.729365,0.874406,2,3,1,0.012331
207,68008.000000,31992.000000,20,116696.113501,535742081.443974,1582.010818,0.883225,2,3,1,0.021405
208,76848.000000,23152.000000,27,143421.490752,482386221.808391,1671.589153,0.932536,2,3,1,0.011500
209,79124.000000,20876.000000,28,154623.393442,958732694.275387,1548.464096,0.872249,2,3,1,0.011192
210,78745.000000,21255.000000,29,197544.968873,1031875521.703314,2357.814354,0.747781,2,3,1,0.017754
211,76186.000000,23814.000000,27,195761.074715,928954978.514813,2124.579946,0.643809,2,3,1,0.017393
212,84057.000000,15943.000000,34,211356.647819,1388901104.665905,2402.925725,0.620860,2,3,1,0.009114
213,75264.000000,24736.000000,27,170777.886603,666109586.093972,1823.961344,0.790952,2,3,1,0.014597
214,76139.000000,23861.000000,27,158059.132476,889742611.733980,1788.274811,0.830614,2,3,1,0.014985
215,76569.000000,23431.000000,28,185160.517437,1091044428.840616,2172.687158,0.633561,2,2,2,0.014312
216,75345.000000,24655.000000,27,175444.363820,1334161367.602226,2204.317540,0.801878,2,2,1,0.025359
217,80970.000000,19030.000000,27,167909.458943,764119849.894355,2018.692344,0.852778,2,2,1,0.012634
218,70944.000000,29056.000000,23,177033.788477,929540305.486818,2506.572229,0.654823,2,2,1,0.017148
219,80481.000000,19519.000000,30,182179.638659,879110857.295501,1817.051938,0.766336,2,2,1,0.010512
220,91555.000000,8445.000000,43,200250.688842,1433207696.647182,1734.330581,0.696771,2,2,1,0.022159
221,82082.000000,17918.000000,31,202889.409159,1354553577.381732,2137.588033,0.662851,2,2,1,0.015980
222,73402.000000,26598.000000,23,166182.284899,949289666.795131,1823.136131,0.763383,2,2,1,0.014378
223,80178.000000,19822.000000,31,198516.055178,1110168700.776192,2061.971117,0.592027,2,2,1,0.016180
224,73724.000000,26276.000000,27,166018.315005,774789337.778047,1904.683693,0.792099,2,2,1,0.017560
225,77316.000000,22684.000000,29,177385.060624,944376885.197147,2066.885196,0.738925,2,2,1,0.014766
226,89118.000000,10882.000000,37,211711.472579,1379685425.160529,2118.376578,0.778742,2,2,1,0.019951
227,73147.000000,26853.000000,25,89088.473008,101080313.552594,1070.975138,0.979661,2,2,1,0.011871
228,69725.000000,30275.000000,19,87415.481008,76891633.330427,1297.806438,0.963626,2,2,1,0.014443
229,70218.000000,29782.000000,20,84676.354470,212502818.356768,1203.495594,1.150729,2,2,1,0.010180
230,73488.000000,26512.000000,22,72926.270689,510679301.952280,879.197506,1.389017,2,2,1,0.006195
231,65937.000000,34063.000000,19,83488.914573,311639277.249256,1258.264570,1.035004,2,2,1,0.006819
232,71804.000000,28196.000000,25,83076.431631,117137837.509452,923.200137,1.008133,2,2,1,0.008691
233,65387.000000,34613.000000,20,78772.726168,132967617.655377,1164.567801,0.933611,2,2,2,0.008916
234,71397.000000,28603.000000,23,80136.222242,298462205.749006,955.123874,1.109076,2,2,1,0.009079
235,72783.000000,27217.000000,21,88688.111404,186809953.508220,1155.413720,1.041535,2,2,1,0.006083
236,76525.000000,23475.000000,20,75223.303906,305035710.326739,824.478773,1.170749,2,2,1,0.009333
237,67849.000000,32151.000000,18,66658.679520,375140189.231677,888.123459,1.276982,2,2,1,0.009484
238,74386.000000,25614.000000,23,74365.411192,160463722.747434,814.612100,1.293784,2,2,1,0.005881
239,72496.000000,27504.000000,23,90477.590556,128101572.272539,1079.690540,0.935115,2,2,1,0.013350
240,72302.000000,27698.000000,24,82417.150607,206129819.086063,951.808132,1.138301,2,2,1,0.006494
241,69821.000000,30179.000000,24,94174.513302,96161131.819240,1121.723656,0.983922,2,2,1,0.008022
242,78161.000000,21839.000000,29,100165.580577,152140620.497904,1146.924921,0.981581,2,2,1,0.007018
243,82918.000000,17082.000000,31,99695.751390,146232938.717879,1047.020971,1.033758,2,2,1,0.007462
244,71616.000000,28384.000000,18,85015.157811,195694899.879559,1049.366224,0.981661,2,2,1,0.007705
245,73413.000000,26587.000000,25,164587.267113,1093388897.351956,1991.482451,0.709991,0,1,1,0.013018
246,68984.000000,31016.000000,21,141186.390756,745805212.582799,2155.102449,0.770265,0,0,1,0.015257
247,73031.000000,26969.000000,25,160407.591137,726214236.387497,2086.388194,0.640667,0,0,1,0.007928
248,74046.000000,25954.000000,24,121067.124717,465266250.039465,1408.586490,1.009415,0,0,1,0.011656
249,77914.000000,22086.000000,27,138654.818819,570968617.681709,1474.571505,0.803145,0,0,1,0.018443
250,68421.000000,31579.000000,21,105844.369396,430400129.596454,1480.545693,1.138550,0,0,1,0.012767
251,72521.000000,27479.000000,25,141049.267818,672378925.455842,1738.354621,0.797196,0,0,1,0.016998
252,75259.000000,24741.000000,29,182813.444585,2246935864.070130,2174.010770,0.983853,0,0,1,0.016751
253,73198.000000,26802.000000,24,150307.055908,494713950.443080,1663.936839,0.848870,0,0,1,0.012745
254,78670.000000,21330.000000,28,143665.523644,660189539.257676,1533.540182,0.932162,0,0,1,0.012343
255,76453.000000,23547.000000,28,131373.804856,442801293.259361,1464.010132,0.901289,0,0,1,0.013455
256,73971.000000,26029.000000,27,131433.000241,395034787.260543,1454.413249,0.828098,0,0,1,0.021526
257,74049.000000,25951.000000,27,150879.995834,811508776.660371,1917.117179,0.896191,0,0,1,0.018776
258,99322.000000,678.000000,49,194909.301967,1448614156.572207,1532.957679,0.747796,0,0,1,0.004991
259,79498.000000,20502.000000,31,152585.127267,530253467.738808,1621.614440,0.826215,0,0,1,0.010538
260,78948.000000,21052.000000,29,168889.922496,811415604.769065,1828.792683,0.670028,0,0,1,0.011707
261,73935.000000,26065.000000,25,169270.075093,1644423326.447032,2062.554037,0.713686,0,0,2,0.023840
262,74897.000000,25103.000000,25,142043.604989,795584636.851550,1985.609928,0.784498,0,0,1,0.013980
263,79312.000000,20688.000000,30,152982.314441,659185713.193520,1651.806063,0.721107,0,0,2,0.017688
264,83260.000000,16740.000000,29,156479.864723,847670886.946479,1701.172765,0.832816,0,0,2,0.011102
265,69098.000000,30902.000000,21,122841.291829,562426990.903760,1855.989127,0.789098,0,0,1,0.012832
266,75504.000000,24496.000000,24,162724.066804,741159510.060695,2011.011243,0.774146,0,0,1,0.009664
267,76258.000000,23742.000000,26,146572.159783,751219750.755365,1653.389064,0.794713,0,0,2,0.010298
268,79913.000000,20087.000000,30,160240.703389,1108766614.358298,2009.532456,0.841204,0,0,1,0.011390
269,75843.000000,24157.000000,25,132180.427914,600241927.225727,1543.350129,0.907862,0,0,2,0.017320
270,69057.000000,30943.000000,19,132717.405178,1128702379.735528,1857.814562,0.702695,0,2,1,0.018345
271,80270.000000,19730.000000,30,151603.987700,425358127.808676,1688.243033,0.808339,0,2,1,0.014498
272,79293.000000,20707.000000,31,161333.896317,646307930.748808,1834.815073,0.816970,0,2,2,0.014853
273,72699.000000,27301.000000,23,148456.505820,1252211087.337080,2166.454721,0.927477,0,2,1,0.011498
274,83054.000000,16946.000000,34,165383.127243,1171189243.639378,1592.951869,0.718885,0,2,2,0.007897
275,76586.000000,23414.000000,28,144028.442049,658694817.666878,1731.334247,0.885402,0,2,1,0.016287
276,73368.000000,26632.000000,24,142560.722812,417533933.430606,1697.644274,0.775366,0,2,1,0.017949
277,75524.000000,24476.000000,29,136742.761641,675178081.037274,1570.686550,0.813345,0,2,1,0.009931
278,76119.000000,23881.000000,26,152137.053451,1017577373.637779,1699.239994,0.697480,0,2,1,0.010631
279,71242.000000,28758.000000,22,156282.870498,837664764.205362,1860.801931,0.589021,0,2,1,0.011585
280,71631.000000,28369.000000,25,154922.308267,563815858.342955,1975.887068,0.782561,0,2,1,0.017103
281,77333.000000,22667.000000,28,163977.640061,954498491.159468,1875.902072,0.798414,0,2,1,0.015426
282,66432.000000,33568.000000,17,223102.087976,1708633205.048725,3178.510971,0.416026,0,2,1,0.021117
283,60673.000000,39327.000000,13,221452.513708,1686368667.914260,5276.628574,0.324583,0,2,1,0.031712
284,83317.000000,16683.000000,32,236499.779791,1476588596.848205,2832.910795,0.448613,0,2,1,0.014222
285,65715.000000,34285.000000,18,218534.816493,1764248011.357030,3693.929396,0.479756,0,2,1,0.023240
286,74245.000000,25755.000000,26,222631.408312,1723135147.152820,2679.273675,0.446471,0,2,1,0.021819
287,61330.000000,38670.000000,18,227333.167380,1382519990.669418,3448.325700,0.386672,0,2,1,0.025492
288,74120.000000,25880.000000,25,233386.419469,1765404959.122504,3135.410161,0.398503,0,2,1,0.013876
289,67831.000000,32169.000000,24,227890.670893,1819930666.516843,3181.066228,0.458647,0,2,1,0.014851
290,71698.000000,28302.000000,25,230405.498160,1549907461.524781,3008.021913,0.407198,0,2,1,0.009768
291,70932.000000,29068.000000,21,226089.759932,1662618049.474530,3271.377582,0.393108,0,2,1,0.015186
292,77571.000000,22429.000000,28,186711.886616,1100275210.157771,2223.186690,0.694979,0,2,1,0.020804
293,68417.000000,31583.000000,20,206205.465272,999421211.045802,3129.804610,0.429651,0,2,1,0.023358
294,86098.000000,13902.000000,37,213747.228509,1528719555.708582,2473.568303,0.609776,0,2,1,0.015244
295,72134.000000,27866.000000,24,184328.566118,1194561877.236203,2441.762111,0.567503,0,4,1,0.023359
296,68196.000000,31804.000000,20,187874.601299,1154981504.519300,2796.133981,0.579230,0,4,1,0.011762
297,71575.000000,28425.000000,23,182687.548833,1049090430.218050,2331.627906,0.497860,0,4,1,0.017455
298,78958.000000,21042.000000,27,199157.794119,1362536782.747347,2300.926156,0.638114,1,4,1,0.011779
299,82534.000000,17466.000000,34,181724.145960,868651430.527755,1945.745187,0.764687,1,4,1,0.011245
300,86055.000000,13945.000000,37,217573.317533,1470066002.735918,2496.162916,0.605914,1,4,1,0.018907
301,74384.000000,25616.000000,24,188669.434343,834203656.616430,2396.381815,0.620880,1,4,1,0.023013
302,73451.000000,26549.000000,21,212889.420739,1453822443.500531,2683.745905,0.500665,1,4,1,0.016597
303,78026.000000,21974.000000,28,215411.678839,1117937577.033034,2492.948674,0.548280,1,4,1,0.026467
304,66898.000000,33102.000000,19,199138.959473,1512291470.014781,2899.287379,0.519060,1,4,1,0.051893
305,60185.000000,39815.000000,14,69652.034937,273406353.578131,1310.904245,0.965068,1,4,1,0.010584
306,70566.000000,29434.000000,19,99321.124011,361040527.585001,1302.416702,0.927353,1,4,3,0.005173
307,73240.000000,26760.000000,24,84939.290053,136438155.001471,1058.873339,1.081732,1,4,1,0.007698
308,73272.000000,26728.000000,25,171105.010745,780942538.242322,2138.357646,0.622905,1,4,1,0.011452
309,79595.000000,20405.000000,32,195639.849094,1506644043.834970,2248.720361,0.600929,1,4,1,0.025404
310,70856.000000,29144.000000,22,156216.133316,938977767.712179,2157.502361,0.762153,1,4,3,0.016630
311,72974.000000,27026.000000,23,185993.183362,1235623547.315453,2171.386543,0.604178,1,4,1,0.008075
312,71861.000000,28139.000000,24,172209.823274,833717672.097862,2334.312950,0.537901,1,4,1,0.014007
313,79056.000000,20944.000000,28,167675.894158,807046320.411455,1925.841323,0.772525,1,4,1,0.014170
314,74149.000000,25851.000000,24,164425.688209,1064131500.030677,2127.570334,0.806067,1,4,3,0.012965
315,75990.000000,24010.000000,26,157287.011674,952392678.602973,1859.666937,0.711249,1,4,1,0.014315
316,73389.000000,26611.000000,23,174434.593744,1031811832.631071,2200.439866,0.761152,1,4,1,0.015395
317,78660.000000,21340.000000,26,177239.385981,921854122.304327,1860.967617,0.634489,1,4,3,0.012149
318,81314.000000,18686.000000,31,172403.661151,1295632742.986186,1821.515302,0.793569,1,4,1,0.017642
319,72059.000000,27941.000000,24,185674.246381,1130665814.768469,2231.477550,0.650042,1,4,3,0.010499
320,66740.000000,33260.000000,17,139382.587397,617404723.926938,1848.989331,0.628682,1,4,1,0.023071
321,72323.000000,27677.000000,25,152609.115407,600431286.759045,2025.889305,0.662755,1,4,1,0.015072
322,80016.000000,19984.000000,31,167709.628247,927894518.603766,1711.121127,0.693934,1,4,2,0.015026
323,68645.000000,31355.000000,22,162432.010707,995236944.962796,2302.701114,0.691867,1,4,3,0.013792
324,69302.000000,30698.000000,23,149435.047236,723888533.410133,1859.555652,0.720552,1,4,3,0.019279
325,76656.000000,23344.000000,26,170389.235246,653950362.127985,1880.004593,0.656125,1,4,1,0.015699
326,78677.000000,21323.000000,32,169094.500863,534898062.515319,1837.510418,0.733286,1,4,3,0.016718
327,76618.000000,23382.000000,26,164235.094483,630422513.385156,1939.342731,0.720030,1,4,3,0.011958
328,64244.000000,35756.000000,17,174387.244589,1202293986.997873,2647.350366,0.587237,1,4,3,0.012248
329,62646.000000,37354.000000,17,231264.298816,1637445689.526186,4890.840263,0.396515,1,4,1,0.019022
330,61082.000000,38918.000000,11,229212.807356,1736416067.872706,3984.300385,0.411112,1,4,3,0.031025
331,77611.000000,22389.000000,27,121453.834318,579434194.947446,1313.637687,0.829819,1,4,3,0.011832
332,67780.000000,32220.000000,19,81943.412845,157430711.891444,1121.220127,1.000184,1,4,3,0.008984
333,96659.000000,3341.000000,48,131087.958003,475375348.960360,1043.541913,1.065282,1,4,0,0.000000
334,78493.000000,21507.000000,31,201673.874870,749243095.386987,2245.145532,0.579165,1,4,1,0.027547
335,76737.000000,23263.000000,26,202299.065838,1413691803.984401,2322.737216,0.552831,1,4,1,0.024550
336,76128.000000,23872.000000,29,192183.095921,1507469601.346221,2258.694713,0.502850,1,4,1,0.030185
337,79417.000000,20583.000000,31,209185.184792,1463288869.977511,2372.090896,0.653601,0,4,3,0.023949
338,74620.000000,25380.000000,27,183636.565531,1132045140.449666,2437.628893,0.729567,0,4,1,0.022316
339,84913.000000,15087.000000,32,212538.621465,1562518351.935042,2090.029341,0.566785,0,4,3,0.014669
340,83659.000000,16341.000000,33,218042.162765,1115374607.887780,2566.364873,0.550766,0,4,2,0.020584
341,80562.000000,19438.000000,31,222819.556160,1385727293.956036,2496.315424,0.565662,0,4,3,0.028599
342,77446.000000,22554.000000,27,197715.763938,1318560655.577793,2513.121433,0.644930,0,4,2,0.030380
343,97964.000000,2036.000000,48,216949.980330,1351979891.287078,1852.206655,0.641857,0,4,1,-0.000000
344,82337.000000,17663.000000,30,214926.629312,1354983688.273554,2121.446543,0.559340,1,4,2,0.023813
345,71762.000000,28238.000000,25,183919.466231,992260585.030261,2273.496244,0.554044,1,4,3,0.056466
346,79131.000000,20869.000000,28,171309.920652,1180223241.085866,1734.027104,0.685649,1,4,2,0.042873
347,76184.000000,23816.000000,26,177156.818108,780696529.265242,1938.177544,0.557452,1,4,2,0.024316
348,81958.000000,18042.000000,31,191822.509302,1157486481.719627,1822.418467,0.648394,1,4,1,0.024155
349,80160.000000,19840.000000,30,202879.456988,1346869838.206708,2348.817709,0.523762,1,4,3,0.018306
350,79831.000000,20169.000000,29,200336.330110,1224761785.265038,2226.770536,0.524876,1,4,1,0.026267
351,83205.000000,16795.000000,34,201336.273950,1135298876.023077,2081.312821,0.596211,1,4,3,0.024580
352,72310.000000,27690.000000,25,183753.317394,1132389287.214936,2318.749943,0.624388,1,4,3,0.031616
353,77254.000000,22746.000000,28,197930.876160,949787084.970860,2532.993029,0.597100,1,4,1,0.051770
354,92873.000000,7127.000000,43,211765.423004,1192248637.011262,1875.646742,0.562565,1,4,0,0.000000
355,81731.000000,18269.000000,32,176761.367659,686239366.172996,1818.293310,0.686022,1,4,3,0.018893
356,76922.000000,23078.000000,27,185554.837343,1029825574.501849,1945.849488,0.616630,1,4,3,0.043701
357,74874.000000,25126.000000,28,182102.659359,973038488.611343,2027.801698,0.541372,1,4,2,0.023398
358,83862.000000,16138.000000,33,198377.760335,1254173005.142540,2115.713358,0.579501,1,4,3,0.033618
359,79011.000000,20989.000000,28,184342.230331,1016342043.161078,2082.023181,0.595176,1,4,2,0.018911
360,81536.000000,18464.000000,33,196264.955424,1142932258.777737,2022.483897,0.565155,1,4,1,0.033734
361,78713.000000,21287.000000,30,190440.856286,1098506534.224250,1851.264831,0.605461,1,4,2,0.020361
362,75353.000000,24647.000000,27,184827.177927,874634291.940674,2003.621051,0.591728,1,4,1,0.023925
363,80492.000000,19508.000000,29,200721.328192,1284032426.257276,2068.178652,0.619610,1,4,3,0.023932
364,74401.000000,25599.000000,28,193224.433085,1223700827.677704,2306.951236,0.651496,1,4,2,0.044088
365,98879.000000,1121.000000,49,224924.398292,1311940441.376184,1775.130400,0.626391,1,4,0,-0.000000
366,80048.000000,19952.000000,30,172935.632243,1395461535.259235,1823.303455,0.722762,1,4,2,0.029518
367,79538.000000,20462.000000,29,175065.216367,890687313.102223,1883.734507,0.703431,1,4,3,0.048083
368,76635.000000,23365.000000,28,183136.257625,1217972917.479730,2138.861387,0.574485,1,4,2,0.051764
369,81794.000000,18206.000000,32,200160.711818,1069217038.671010,1952.694437,0.630579,1,2,2,0.019755
370,79388.000000,20612.000000,31,186558.601814,1074076690.014457,1958.684336,0.554329,1,2,2,0.032848
371,76043.000000,23957.000000,26,127474.314386,592523692.133504,1491.161919,1.004210,2,2,3,0.013687
372,75089.000000,24911.000000,25,126961.463383,795755243.921288,1454.243072,0.896636,2,2,1,0.018128
373,79594.000000,20406.000000,28,130351.624431,1294628954.588611,1359.959290,1.022298,2,2,4,0.037406
374,69671.000000,30329.000000,21,100863.830283,1349678204.803552,1185.735989,1.049887,2,2,3,0.026675
375,73009.000000,26991.000000,24,118092.577303,1311896144.291615,1416.606171,0.961107,2,2,1,0.025559
376,71869.000000,28131.000000,21,98709.993534,719496928.378407,1156.823333,1.064463,2,2,3,0.020615
377,69262.000000,30738.000000,20,216399.772751,1531354805.127613,2997.216682,0.417220,2,2,1,0.065802
378,73122.000000,26878.000000,23,218746.310813,1368301534.483873,2728.240025,0.412804,2,2,3,0.046768
379,73007.000000,26993.000000,27,199725.406454,1685095232.904283,2426.371010,0.544201,2,2,1,0.020731
380,79611.000000,20389.000000,31,203773.558611,1528803726.923472,2419.918915,0.503912,2,0,1,0.036457
381,82310.000000,17690.000000,30,202667.999298,1087289245.337242,2134.646693,0.503856,2,0,2,0.016784
382,70157.000000,29843.000000,24,132566.518438,1427979914.349166,1500.494806,0.805498,2,0,1,0.023914
383,73985.000000,26015.000000,24,133348.140635,1089099584.350218,1855.277479,1.003304,2,0,1,0.014799
384,76811.000000,23189.000000,26,105315.675520,1378783492.180701,1089.644370,1.132075,2,0,3,0.020009
385,81551.000000,18449.000000,32,123195.460304,519497787.324790,1116.139540,1.076037,2,0,2,0.028526
386,80353.000000,19647.000000,29,146364.993973,1260723589.073106,1323.981189,0.985049,2,0,2,0.022003
387,71248.000000,28752.000000,21,152038.964301,914435408.708337,1838.656266,0.741498,2,0,2,0.026348
388,69402.000000,30598.000000,20,87182.407498,1466123310.946422,906.193264,1.248695,2,0,4,0.015098
389,84646.000000,15354.000000,36,147935.698210,632598927.218591,1494.075420,1.141985,2,0,4,0.015468
390,72797.000000,27203.000000,22,129732.202145,856417158.680950,1487.241857,0.922732,2,0,2,0.015818
391,74507.000000,25493.000000,28,163758.593628,612195649.908329,1863.442772,0.841092,2,0,2,0.012979
392,78598.000000,21402.000000,31,129667.636885,756779112.166780,1226.539933,1.005266,2,0,1,0.025063
393,78512.000000,21488.000000,29,136274.667229,1217900657.951067,1465.694732,1.005580,2,0,2,0.021326
394,70614.000000,29386.000000,18,90469.496357,1677326278.720433,973.544898,1.111330,2,0,2,0.021542
395,77471.000000,22529.000000,24,96900.575958,848206135.576391,1094.591776,1.220567,2,0,2,0.012792
396,83366.000000,16634.000000,32,114779.458355,860729203.524513,1042.062814,1.180585,2,0,2,0.013737
397,68059.000000,31941.000000,17,101281.801901,1623011252.345469,1201.994869,1.112119,2,0,2,0.025558
398,69906.000000,30094.000000,20,102583.754190,1234895176.774677,1283.322111,0.951918,2,0,2,0.013439
399,71782.000000,28218.000000,21,93471.603417,494806691.318794,1102.121427,1.110984,2,0,2,0.025524
400,66868.000000,33132.000000,22,105615.105669,522258163.385390,1355.231468,0.912150,2,0,1,0.018039
401,73720.000000,26280.000000,18,93554.873772,1365634234.505574,976.341201,1.157576,2,0,2,0.025165
402,78561.000000,21439.000000,24,124044.548348,607219861.742899,1228.363687,1.044354,2,0,2,0.014448
403,75650.000000,24350.000000,27,114527.179795,675394706.811273,1222.820762,1.193569,2,0,2,0.010683
404,71905.000000,28095.000000,22,96925.821077,704457350.736451,1140.495827,1.040554,2,0,2,0.027669
405,76432.000000,23568.000000,24,119015.310683,1786956926.224923,1336.065129,1.279316,2,0,1,0.013962
406,79506.000000,20494.000000,29,123147.201823,1009148294.881795,1267.762359,1.060618,2,0,2,0.022087
407,78280.000000,21720.000000,30,127448.520534,687396906.040447,1331.141787,1.042472,2,0,2,0.022221
408,76186.000000,23814.000000,26,165164.697016,1159448380.684220,1935.842418,0.969502,2,0,2,0.025406
409,73137.000000,26863.000000,25,214791.349235,1173327874.720690,2616.485841,0.435267,3,0,1,0.029020
410,73501.000000,26499.000000,24,190606.524926,2365944072.819976,2161.524016,0.518239,3,0,1,0.020233
411,77882.000000,22118.000000,29,208621.805234,1221505434.471323,2347.698291,0.496483,3,0,1,0.031462
412,68695.000000,31305.000000,20,210696.922988,1515920272.416767,2685.970692,0.422330,3,0,2,0.027571
413,80478.000000,19522.000000,30,212610.247877,1259360041.546043,2273.718415,0.554630,3,1,2,0.016438
414,80458.000000,19542.000000,34,206122.038447,1491166892.443383,2265.937831,0.490908,3,1,2,0.065378
415,77870.000000,22130.000000,29,208783.853045,1362929539.209344,2347.209553,0.478574,3,1,1,0.027198
416,72547.000000,27453.000000,27,211761.584450,1170907757.770894,2537.178417,0.523715,3,1,2,0.024831
417,69011.000000,30989.000000,23,195417.294409,1223940245.594610,2598.110950,0.428838,3,1,2,0.042150
418,78209.000000,21791.000000,27,208501.773884,1356825081.383008,2380.821005,0.561184,3,1,2,0.035648
419,70926.000000,29074.000000,22,191979.464910,1628807750.999635,2497.840602,0.442383,3,1,1,0.036382
420,72356.000000,27644.000000,27,194799.523011,1537887070.067986,2335.220943,0.488037,3,1,1,0.045963
421,76228.000000,23772.000000,29,199395.285778,1425109039.659754,2351.575268,0.452967,3,1,2,0.033761
422,74701.000000,25299.000000,26,161623.583709,1200378232.583729,1889.892250,0.536697,3,1,1,0.032878
423,75193.000000,24807.000000,25,176856.434323,1401710177.958907,1949.148765,0.638037,3,1,2,0.025072
424,67962.000000,32038.000000,20,171614.357258,1767066501.899989,2246.096069,0.594800,3,1,2,0.017204
425,68551.000000,31449.000000,22,151656.982467,1827326307.332187,1910.527266,0.558458,3,1,2,0.033649
426,89648.000000,10352.000000,41,204028.873270,983120684.865485,2004.968548,0.591967,3,1,1,0.047543
427,80167.000000,19833.000000,31,177966.049463,1109340653.578976,1854.178618,0.573769,3,1,1,0.017003
428,75701.000000,24299.000000,23,137588.009477,1482329861.228373,1493.156663,0.690863,3,1,1,0.029894
429,72528.000000,27472.000000,23,147212.228601,1085085989.339449,1826.093763,0.677334,3,1,2,0.033362
430,74831.000000,25169.000000,25,169538.376367,1367806845.643297,2050.671580,0.641449,3,1,2,0.023811
431,73356.000000,26644.000000,25,164644.695945,600551692.167999,2070.852614,0.644305,3,1,2,0.031476
432,75789.000000,24211.000000,28,170316.564919,1233918795.034019,1973.003605,0.629011,3,1,2,0.025201
433,68455.000000,31545.000000,20,163408.011797,1430369096.198411,2301.887195,0.569818,3,1,2,0.069596
434,70661.000000,29339.000000,25,180458.046494,1371097156.430788,2422.317750,0.528309,3,1,1,0.016830
435,81341.000000,18659.000000,30,175726.866826,1098637323.587675,1917.206539,0.735931,3,1,1,0.020908
436,75577.000000,24423.000000,27,188682.338089,1028178029.637085,2066.492794,0.566942,3,1,2,0.020320
437,58214.000000,41786.000000,14,222543.236678,1287306602.506780,4152.005462,0.362515,4,1,2,0.047753
438,60978.000000,39022.000000,17,225917.690859,1439599364.182234,3925.628763,0.387925,4,1,2,0.026740
439,71304.000000,28696.000000,23,232558.469700,1529502515.768609,3017.064829,0.422300,4,1,2,0.039943
440,57375.000000,42625.000000,14,226758.198007,1489133384.671845,5345.263297,0.507137,4,1,1,0.064318
441,57592.000000,42408.000000,10,203287.796398,2154767075.687605,4635.359802,0.516253,4,1,1,0.070104
442,72032.000000,27968.000000,25,221885.246730,1611510504.251869,2804.983558,0.468577,4,1,1,0.044758
443,66995.000000,33005.000000,19,216289.004857,1495678155.894037,3140.809475,0.493766,4,1,2,0.070905
444,66752.000000,33248.000000,19,230948.392936,1241022948.831641,2793.308702,0.567353,4,1,2,0.044352
445,74912.000000,25088.000000,27,181950.139672,1206712395.061130,2049.820118,0.581333,3,1,1,0.050849
446,80115.000000,19885.000000,30,178457.928658,1042575692.077862,1854.850915,0.699972,3,1,2,0.050653
447,81820.000000,18180.000000,33,199504.358957,1029522328.310237,2025.310460,0.645275,3,1,2,0.039964
448,72133.000000,27867.000000,26,177231.799466,1470141189.261327,2247.787871,0.538769,3,1,2,0.014946
449,77932.000000,22068.000000,29,187754.870095,1125116113.007193,2262.479000,0.619752,3,1,2,0.028475
450,74256.000000,25744.000000,25,179172.500464,973199951.520142,2229.820228,0.763851,3,1,2,0.023426
451,82313.000000,17687.000000,30,168634.611374,1251486763.351286,1679.210630,0.673601,3,1,2,0.039870
452,73739.000000,26261.000000,26,206255.113153,925100704.173024,2371.359451,0.505761,3,1,1,0.026191
453,94020.000000,5980.000000,45,225613.738618,1320077006.201817,1927.493345,0.528368,3,1,0,0.000000
454,82827.000000,17173.000000,32,188192.481618,1398173835.489277,1945.084919,0.717824,3,1,2,0.018872
455,77299.000000,22701.000000,30,169016.237983,1091060980.684036,1890.334462,0.698700,3,1,1,0.018269
456,80267.000000,19733.000000,30,189955.844050,1567517935.170395,2054.806358,0.693667,3,1,1,0.021294
457,81305.000000,18695.000000,29,191267.099514,1025242973.749766,1925.573093,0.703836,3,1,1,0.017457
458,76121.000000,23879.000000,26,187617.862999,1319772741.136229,2140.750585,0.567299,3,1,1,0.028428
459,72981.000000,27019.000000,26,195602.529036,1374338161.349583,2609.981776,0.503943,3,1,2,0.019784
460,77885.000000,22115.000000,28,191657.624410,1090777061.821509,2351.436756,0.663589,3,1,2,0.023565
461,78280.000000,21720.000000,30,192347.676926,1086809984.749541,2228.303161,0.659577,3,1,2,0.028155
462,85048.000000,14952.000000,35,192367.197349,1179237087.839494,2079.047554,0.632892,2,1,2,0.028439
463,82017.000000,17983.000000,30,194741.921460,1098949337.141175,1832.361722,0.617616,2,1,2,0.088079
464,77559.000000,22441.000000,28,173131.515761,864675943.572243,2042.702867,0.673486,2,1,1,0.019516
465,76210.000000,23790.000000,28,181385.880507,772822684.166999,2204.338077,0.722646,2,1,1,0.016277
466,82491.000000,17509.000000,27,88326.117540,697246826.235486,912.356601,1.664675,1,1,2,0.012160
467,69646.000000,30354.000000,21,76939.998327,1042868076.860813,914.758958,1.476788,1,1,1,0.009229
468,76824.000000,23176.000000,25,73918.051830,526568720.604887,762.970201,1.835976,1,1,2,0.011154
469,85832.000000,14168.000000,33,125869.435448,538895020.013260,1214.074556,1.090873,1,1,2,0.011458
470,79726.000000,20274.000000,27,112618.910686,369185742.668099,1190.769371,1.230662,1,1,1,0.014532
471,61559.000000,38441.000000,16,78190.457268,439697442.749962,1323.292374,1.093894,1,1,1,0.014109
472,72598.000000,27402.000000,26,111441.324168,466924547.297409,1316.255071,1.336511,1,1,2,0.011665
473,70283.000000,29717.000000,21,114942.717003,343943132.917528,1663.278714,1.112019,1,1,2,0.014397
474,91040.000000,8960.000000,42,143597.324454,1247676559.658368,1347.035733,1.174944,1,1,0,0.003201
475,80718.000000,19282.000000,31,125961.565348,406448269.762694,1310.161857,1.059492,1,1,1,0.014636
476,76401.000000,23599.000000,29,124560.893807,355627461.407132,1342.937645,0.907614,1,1,1,0.011898
477,74052.000000,25948.000000,22,69637.384948,559785689.732577,867.244333,1.486014,1,1,2,0.009984
478,74112.000000,25888.000000,26,101512.839157,480328299.266317,1323.262325,1.350491,1,1,2,0.012299
479,68427.000000,31573.000000,19,89575.861089,181306360.359527,1088.206075,1.195552,1,1,3,0.014918
480,76844.000000,23156.000000,28,106606.590602,662955858.032071,1233.328395,1.223143,1,1,3,0.014238
481,77196.000000,22804.000000,27,98658.185814,449073894.885817,1008.638973,1.271949,1,1,3,0.019315
482,72029.000000,27971.000000,25,84814.339996,778839349.240644,1129.147918,1.704568,1,1,2,0.012661
483,75664.000000,24336.000000,30,127759.469854,584482144.336144,1783.969186,1.259820,1,1,3,0.011130
484,76524.000000,23476.000000,25,102484.116064,294220423.030679,1175.743498,1.373498,1,1,2,0.012494
485,72275.000000,27725.000000,18,65746.276115,644598913.584955,840.084529,1.713112,1,1,3,0.011949
486,75457.000000,24543.000000,26,96953.724603,360758544.009680,1079.981875,1.416819,1,1,3,0.012237
487,74799.000000,25201.000000,28,132420.113705,422201797.452078,1526.426095,0.948093,1,1,3,0.015686
488,74304.000000,25696.000000,29,148260.469414,512823609.153731,1742.388609,0.880832,1,1,1,0.014921
489,77694.000000,22306.000000,29,133000.784438,404458954.065789,1512.936710,0.879958,0,2,2,0.019117
490,76083.000000,23917.000000,27,139653.815524,513898710.630096,1585.611817,0.940896,0,2,2,0.008812
491,77705.000000,22295.000000,28,153448.447795,677917610.166417,1634.244177,0.810156,0,2,3,0.011159
492,70125.000000,29875.000000,24,108525.477964,282993807.507199,1333.449706,0.968964,0,2,3,0.011494
493,73511.000000,26489.000000,25,159413.847666,706085637.339823,1780.594978,0.681299,0,2,2,0.014964
494,79574.000000,20426.000000,31,124287.409028,261355026.818138,1496.494920,1.039110,0,2,3,0.007866
495,73694.000000,26306.000000,23,125507.352658,678687517.910051,1451.780959,0.797806,0,2,2,0.017611
496,83829.000000,16171.000000,34,144611.409676,839337897.596253,1323.173855,1.071968,0,2,1,0.015730
497,88485.000000,11515.000000,37,148807.997537,757835388.873853,1270.375188,0.979108,0,2,2,0.030013
498,79786.000000,20214.000000,30,138054.827805,314330306.880206,1478.996624,0.897183,0,2,3,0.016162
499,73777.000000,26223.000000,25,117924.087469,291104928.034417,1532.533243,1.063168,0,2,1,0.021117
500,75779.000000,24221.000000,26,124485.958211,587645338.734503,1514.744937,0.903526,0,2,1,0.023505
501,75411.000000,24589.000000,28,158260.911567,1625217513.999174,1876.152189,0.726976,0,2,3,0.008366
502,80621.000000,19379.000000,30,163153.987234,1254780747.473946,1788.608395,0.734719,0,2,1,0.024074
503,83581.000000,16419.000000,33,171273.636934,780180587.572735,1804.994849,0.772556,0,2,2,0.015084
504,77168.000000,22832.000000,30,159908.513867,619125074.457758,1714.927038,0.813963,0,2,3,0.024175
505,53734.000000,46266.000000,10,233730.116381,1651067806.422202,6847.525715,0.448376,0,2,2,0.032181
506,56692.000000,43308.000000,16,239245.362575,1293644689.939760,5844.568596,0.810225,0,2,2,0.034843
507,58738.000000,41262.000000,6,223002.540552,1967318776.302821,5897.856354,0.824170,0,2,3,0.033322
508,90656.000000,9344.000000,38,228332.745535,1375977672.710956,2230.171992,0.515550,0,2,2,0.032271
509,78529.000000,21471.000000,29,232445.644071,1142719235.824687,2677.230411,0.523589,0,2,1,0.038317
510,72951.000000,27049.000000,26,206617.593695,1156759626.460168,2652.835409,0.487562,0,2,3,0.032907
511,80293.000000,19707.000000,29,217941.797658,1288376550.662314,2383.014581,0.556063,0,2,2,0.025127
512,76499.000000,23501.000000,25,226009.270944,1169602920.445404,2729.457324,0.451834,0,2,2,0.042439
513,77717.000000,22283.000000,29,221142.840806,1216928927.588832,2781.191905,0.439276,0,2,2,0.037221
514,75366.000000,24634.000000,24,217837.790667,1338961507.968574,2647.061102,0.480388,0,2,2,0.035772
515,78756.000000,21244.000000,30,230414.248464,1384118341.997226,2615.619645,0.510159,0,2,3,0.027741
516,78478.000000,21522.000000,27,221227.589621,1234342615.404080,2504.321111,0.542401,0,2,3,0.019453
517,81358.000000,18642.000000,33,217352.235977,1405477437.594181,2647.514627,0.508723,0,2,2,0.027663
518,76560.000000,23440.000000,26,207543.616167,1591180336.000049,2402.952220,0.565525,0,2,3,0.042792
519,82446.000000,17554.000000,30,221270.475880,1318766831.772657,2412.352018,0.519795,0,2,2,0.041897
520,74516.000000,25484.000000,26,217106.288392,1360386135.481525,2496.601289,0.520141,0,2,2,0.030382
521,77416.000000,22584.000000,30,213796.333290,1256138730.316770,2524.598078,0.473984,0,2,2,0.023262
522,74655.000000,25345.000000,26,224220.892371,1527900856.866107,2634.142289,0.485220,0,2,3,0.017770
523,73254.000000,26746.000000,22,217094.466201,1338558136.454405,3084.750088,0.476609,0,2,2,0.032075
524,73357.000000,26643.000000,24,224092.264630,1391909587.825548,2585.567614,0.385282,0,2,2,0.018482
525,75727.000000,24273.000000,27,205204.962900,1258021965.747067,2455.553218,0.567573,0,2,2,0.033440
526,82721.000000,17279.000000,32,215899.121205,1209871980.452460,2452.760957,0.568141,0,2,2,0.025096
527,73727.000000,26273.000000,25,223071.037028,1490170231.852101,2718.302684,0.497293,0,2,2,0.023357
528,80097.000000,19903.000000,29,210409.777181,1605899916.830299,2361.613946,0.617038,0,2,2,0.026979
529,92453.000000,7547.000000,44,230476.008021,1427413497.184068,1962.142000,0.590919,0,2,2,0.001546
530,75884.000000,24116.000000,28,220850.031021,1642538379.480238,2623.068896,0.492198,0,2,2,0.020047
531,73117.000000,26883.000000,24,217127.625995,1391524556.337989,2917.360485,0.440055,0,2,2,0.052811
532,72806.000000,27194.000000,27,223986.687670,1264845002.226745,2711.877036,0.432852,0,2,3,0.035147
533,73523.000000,26477.000000,25,223051.828210,1460823601.545548,2596.711453,0.471085,0,2,2,0.028513
534,70597.000000,29403.000000,22,219081.499129,1801802797.730732,2875.347451,0.481113,0,2,1,0.026313
535,72864.000000,27136.000000,24,219994.688571,1407490110.641906,2906.684963,0.439464,0,2,2,0.014084
536,74300.000000,25700.000000,23,197439.690625,1025612102.286289,2262.730127,0.539389,0,2,2,0.022969
537,82534.000000,17466.000000,33,198560.767273,1250252745.377843,2296.181103,0.557966,0,2,1,0.017070
538,80372.000000,19628.000000,29,186793.675898,866370158.030512,2074.224016,0.664218,0,2,2,0.018595
539,74193.000000,25807.000000,25,186762.366959,1354348388.109729,2158.952877,0.618078,0,2,2,0.022631
540,77374.000000,22626.000000,29,195329.539460,932583716.746047,2135.161012,0.565760,0,2,2,0.019091
541,76401.000000,23599.000000,23,163452.318031,932373544.428912,1838.019630,0.891886,0,2,2,0.029340
542,77487.000000,22513.000000,31,219998.141940,1147527587.490895,2248.041688,0.530815,0,2,2,0.023916
543,74951.000000,25049.000000,26,206237.184001,1098580060.092501,2414.501103,0.530687,0,2,3,0.020212
544,86777.000000,13223.000000,39,218069.634829,1323620429.415419,1993.160361,0.511600,0,2,1,0.009863
545,78870.000000,21130.000000,30,193773.800991,840115567.935010,2254.630561,0.570421,0,2,1,0.019943
546,88989.000000,11011.000000,37,217386.898396,1312104436.566131,2108.757254,0.549352,0,2,2,0.036260
547,75726.000000,24274.000000,26,194193.326888,1483641764.911078,2285.481627,0.531718,0,2,2,0.023281
548,81605.000000,18395.000000,32,196982.884974,1482117128.628671,2098.141823,0.606785,0,2,1,0.024420
549,66373.000000,33627.000000,11,58722.830359,349887999.287993,784.248069,1.161811,0,2,1,0.009603
550,69314.000000,30686.000000,20,61297.294592,288076928.355552,775.913058,1.482392,0,2,3,0.007490
551,76615.000000,23385.000000,25,72539.882852,138030179.109075,852.900120,1.236425,0,2,2,0.004923
552,71692.000000,28308.000000,23,66544.486577,196304730.782853,864.817198,1.281245,0,2,2,0.008978
553,73816.000000,26184.000000,20,81109.093046,132818088.876159,1001.289396,1.025969,0,3,2,0.010249
554,66945.000000,33055.000000,17,76008.332356,606314456.090898,989.187666,1.019342,0,3,1,0.018714
555,80551.000000,19449.000000,30,155927.695012,1291278129.931549,1973.389225,0.827799,0,3,1,0.007757
556,70354.000000,29646.000000,19,90619.871474,301085474.338296,1200.269821,0.901882,0,3,1,0.009331
557,67116.000000,32884.000000,17,108585.907170,466194616.406446,1522.739481,0.911394,0,3,2,0.011010
558,79044.000000,20956.000000,30,98729.599876,184483886.203899,1108.834018,1.094820,0,3,5,0.008788
559,76719.000000,23281.000000,27,86498.261825,198596868.176196,899.711529,1.187192,0,3,1,0.009043
560,74665.000000,25335.000000,24,105717.759093,267465981.569973,1199.258151,0.936172,0,3,2,0.011221
561,74809.000000,25191.000000,23,88347.858178,315730512.503236,998.003494,1.147762,0,3,2,0.012951
562,72357.000000,27643.000000,19,101991.469491,256283378.893301,1217.803762,0.869650,0,3,2,0.006393
563,69626.000000,30374.000000,22,87640.995001,223952950.651596,1253.055207,1.035751,0,3,2,0.011058
564,67016.000000,32984.000000,18,83602.306692,439214953.221292,1017.565221,1.018653,0,3,1,0.014349
565,75459.000000,24541.000000,24,89320.152417,210349054.095119,1012.359501,1.266624,0,3,1,0.007848
566,74187.000000,25813.000000,25,96711.102061,248860031.371513,1086.811641,0.947028,0,3,2,0.007869
567,69361.000000,30639.000000,23,90638.253439,208451834.338340,1199.478675,0.981941,0,3,1,0.012613
568,69380.000000,30620.000000,19,83384.583809,391564589.098566,1006.661992,1.040313,0,2,1,0.013516
569,77696.000000,22304.000000,29,104785.146268,261044174.614933,1202.233170,1.215212,0,2,2,0.009360
570,76474.000000,23526.000000,30,206270.495638,1274419881.473810,2276.924689,0.555379,0,2,2,0.026679
571,76940.000000,23060.000000,27,191110.564317,1024995560.891957,2389.772694,0.659083,0,2,2,0.014718
572,72214.000000,27786.000000,23,181549.678956,1082525970.212919,2269.437536,0.644418,0,2,1,0.018996
573,79798.000000,20202.000000,28,175926.857551,892633542.582618,1988.485840,0.672066,0,2,2,0.011151
574,81169.000000,18831.000000,30,189544.554483,1355198156.183655,2160.575871,0.737901,0,2,1,0.013403
575,77322.000000,22678.000000,29,196194.904864,1170491455.590785,2259.551234,0.601568,0,2,2,0.014773
576,76645.000000,23355.000000,29,191903.642375,1076258895.116195,2203.584858,0.611464,0,2,2,0.016810
577,74305.000000,25695.000000,24,140293.229026,674834264.387657,1817.380463,0.823395,0,2,2,0.022926
578,81217.000000,18783.000000,32,186129.831049,1297300926.363588,1981.814395,0.640195,0,2,2,0.020594
579,72597.000000,27403.000000,24,145904.059924,599133245.382564,1795.118222,0.789105,0,2,1,0.010992
580,76626.000000,23374.000000,27,179318.039966,992021875.883249,1935.965678,0.641477,0,2,2,0.019845
581,75798.000000,24202.000000,26,169758.206466,673062491.464714,1966.709505,0.757016,0,2,2,0.013170
582,77626.000000,22374.000000,28,185017.152221,1148278893.161192,2306.688831,0.592343,0,2,2,0.010393
583,74813.000000,25187.000000,25,169554.625660,830595758.865599,2160.887392,0.580944,0,2,1,0.012685
584,96095.000000,3905.000000,47,211750.881066,1536581417.931379,1759.119237,0.735452,0,2,1,-0.000000
585,77766.000000,22234.000000,28,183267.687003,780106580.379353,2105.571972,0.742639,0,2,2,0.014679
586,79430.000000,20570.000000,30,195790.642685,1324634906.898770,2153.211998,0.591570,0,2,2,0.012939
587,72603.000000,27397.000000,25,172988.682006,1062443694.619638,2172.618970,0.665526,0,2,2,0.018219
588,74327.000000,25673.000000,27,213913.714302,1367892531.869635,2709.703247,0.553827,0,2,2,0.017914
589,79124.000000,20876.000000,30,227090.578521,1426800736.404759,2720.516939,0.408046,0,2,2,0.019462
590,81378.000000,18622.000000,32,226358.425662,1371441181.684669,2369.641061,0.524280,0,2,1,0.021355
591,76506.000000,23494.000000,29,223856.601825,1478450945.784379,2645.347273,0.535280,0,2,2,0.019888
592,62699.000000,37301.000000,16,91370.862261,342749030.516799,1357.979204,0.785643,0,2,1,0.009803
593,90690.000000,9310.000000,40,156023.119875,1286729136.045893,1383.034620,0.798066,0,2,1,0.009226
594,71161.000000,28839.000000,20,79673.113281,406071765.325116,898.875663,1.249049,0,2,2,0.012361
595,61520.000000,38480.000000,14,79296.974991,339107407.947516,1247.262968,0.866032,0,2,1,0.020142
596,97122.000000,2878.000000,44,225576.439578,1527118070.999371,1974.643958,0.568325,0,2,0,-0.000000
597,72559.000000,27441.000000,27,197751.447880,1386081060.838241,2744.910671,0.565108,0,2,1,0.015501
598,74865.000000,25135.000000,27,183777.180990,918410473.965856,2359.285998,0.557493,0,2,1,0.019481
599,70414.000000,29586.000000,23,191867.422858,1815460965.240902,2306.509059,0.537484,0,2,1,0.017376
600,82017.000000,17983.000000,32,184285.216148,1229002693.182118,2010.749122,0.594038,0,2,1,0.009255
601,81316.000000,18684.000000,34,200564.400194,2146229184.460753,2220.068422,0.602994,0,2,2,0.022195
602,74067.000000,25933.000000,24,161237.979841,558887405.294503,1947.103789,0.631026,0,2,1,0.013769
603,78439.000000,21561.000000,29,157305.560785,1066999934.277780,1686.097279,0.748965,0,2,3,0.016562
604,71944.000000,28056.000000,24,144813.038805,450457985.494822,1727.305116,0.754129,0,2,1,0.014573
605,75759.000000,24241.000000,28,174424.880030,1170024860.885624,2087.474796,0.686446,0,2,1,0.011271
606,71494.000000,28506.000000,23,167198.914009,1377208912.539509,2010.133695,0.620542,0,2,1,0.020403
607,73742.000000,26258.000000,24,176528.366648,645011188.470537,2110.668796,0.569629,0,2,1,0.009414
608,74707.000000,25293.000000,25,178169.873818,1055979211.467929,2106.499872,0.592651,0,2,1,0.017801
609,73527.000000,26473.000000,24,180834.700086,1235125552.894842,2305.603772,0.646854,0,2,1,0.018375
610,78263.000000,21737.000000,29,187050.439217,1304630988.138467,2074.638712,0.632838,0,2,1,0.008772
611,71882.000000,28118.000000,24,167935.775592,1114181555.350966,1955.826071,0.559170,0,2,1,0.024388
612,71237.000000,28763.000000,24,150398.143903,570956441.155780,2244.325393,0.688690,0,2,1,0.017896
613,74776.000000,25224.000000,25,149669.472564,1200698327.885699,1806.257347,0.716561,0,2,1,0.012578
614,76687.000000,23313.000000,25,150312.436530,1168405554.903438,1928.331340,0.839836,0,2,1,0.011974
615,72402.000000,27598.000000,25,112726.516084,418471959.421165,1431.126030,0.932755,0,2,1,0.014798
616,71818.000000,28182.000000,24,125726.861728,433956605.551879,1500.478074,0.779442,0,2,1,0.013189
617,73519.000000,26481.000000,25,145642.039521,679230894.726112,2159.043959,0.878474,0,2,1,0.016323
618,69891.000000,30109.000000,22,124407.570024,357076250.065653,1640.525805,0.727836,0,2,1,0.017301
619,73975.000000,26025.000000,25,121135.910487,408737668.195567,1369.243093,1.014106,0,2,1,0.014197
620,69579.000000,30421.000000,21,108428.242452,366174061.649957,1433.476516,0.816390,0,2,2,0.014543
621,75301.000000,24699.000000,26,145261.710452,863842052.532261,1575.272238,0.775829,0,2,1,0.011289
622,72771.000000,27229.000000,28,127927.751410,345819547.314524,1501.075677,0.811130,0,2,1,0.018167
623,76365.000000,23635.000000,25,156963.897623,1111399557.793976,1533.888638,1.016831,0,2,1,0.016194
624,77435.000000,22565.000000,27,161349.940013,1011768978.450379,1741.078506,0.789073,0,2,1,0.020823
625,77026.000000,22974.000000,28,149453.980534,769359685.292351,1719.113285,0.869283,0,2,1,0.019380
626,74149.000000,25851.000000,26,149775.550976,550139076.610503,1779.925938,0.776479,0,2,1,0.011813
627,70641.000000,29359.000000,22,131812.410086,573211986.789323,1745.612624,0.988045,0,2,1,0.016349
628,73119.000000,26881.000000,22,102025.716204,405143440.156050,1100.664947,1.129004,0,2,1,0.014869
629,77014.000000,22986.000000,28,143334.557670,850710218.302686,1522.654615,0.969190,0,2,1,0.016028
630,68203.000000,31797.000000,22,123989.006219,486404510.904311,1571.306359,0.988007,0,2,1,0.015398
631,75467.000000,24533.000000,29,151556.278861,625235508.972625,1854.972655,0.781798,0,0,1,0.019058
632,76008.000000,23992.000000,26,199683.392251,924608487.554722,2238.052932,0.529587,0,0,1,0.018305
633,87018.000000,12982.000000,38,213514.814991,1814340111.371583,2169.584477,0.601014,0,0,1,0.018087
634,70799.000000,29201.000000,25,204164.829947,1569079385.554989,2553.694021,0.547221,0,0,2,0.026041
635,74639.000000,25361.000000,26,200185.068035,1395019401.578186,2370.271742,0.525015,0,0,2,0.035779
636,77392.000000,22608.000000,27,214012.990101,1319540289.884778,2492.154741,0.547524,0,0,1,0.022834
637,73682.000000,26318.000000,23,197786.516798,1146211592.098084,2761.450329,0.580300,0,0,1,0.018337
638,73081.000000,26919.000000,26,187800.407241,875740563.574978,2355.457818,0.532863,0,0,1,0.023664
639,79155.000000,20845.000000,32,195118.173628,1444498931.707090,2175.827588,0.562691,0,0,1,0.016507
640,88155.000000,11845.000000,41,218982.478609,1227122125.106610,2238.618335,0.533092,0,0,1,0.007408
641,72941.000000,27059.000000,25,198391.876145,1062714519.314511,2594.777098,0.566331,0,0,1,0.020667
642,80886.000000,19114.000000,30,197526.790812,1122488677.844920,2242.722164,0.696879,0,0,1,0.018605
643,80267.000000,19733.000000,30,189900.796419,1449460603.045256,1927.477320,0.721308,0,0,4,0.014816
644,72220.000000,27780.000000,25,176100.117778,1165215518.306056,2246.221581,0.543613,0,0,1,0.016123
645,95439.000000,4561.000000,46,206090.123031,1554718834.489275,1678.956459,0.779600,0,0,1,0.003583
646,78226.000000,21774.000000,29,192849.267460,1342616361.824888,2229.178046,0.605852,0,0,1,0.011883
647,72407.000000,27593.000000,25,164805.164405,1258760956.328281,2000.854332,0.756221,0,0,1,0.022783
648,78127.000000,21873.000000,27,192285.828956,1052902495.624805,2339.880095,0.650292,0,0,1,0.013821
649,80521.000000,19479.000000,27,162550.671253,927273973.038701,1728.599095,0.907205,0,0,1,0.011350
650,78110.000000,21890.000000,28,186949.680606,1360733527.295444,1983.560341,0.571444,0,0,2,0.015322
651,80196.000000,19804.000000,31,187608.064854,1546555055.853398,2212.982528,0.627336,0,0,1,0.012856
652,68148.000000,31852.000000,21,160776.351868,1280192119.594627,2096.603649,0.608996,0,0,1,0.017981
653,77702.000000,22298.000000,26,182406.653786,815943199.823792,2118.791690,0.590545,0,0,2,0.013458
654,78174.000000,21826.000000,25,181159.354922,1337324428.090128,2176.538620,0.679348,0,0,1,0.017529
655,82436.000000,17564.000000,31,204006.978833,1285504371.370497,2207.895480,0.617435,0,0,1,0.015804
656,78055.000000,21945.000000,28,176866.116084,1176655066.410357,2019.290256,0.727305,0,0,3,0.012852
657,75404.000000,24596.000000,28,170968.162603,2133073765.735201,2473.444284,0.800554,0,0,1,0.022276
658,76089.000000,23911.000000,27,182516.194696,1077650811.387239,2023.728212,0.615347,0,0,2,0.021686
659,71209.000000,28791.000000,25,159823.651359,714112963.938546,1986.836861,0.659722,0,0,1,0.025488
660,61432.000000,38568.000000,14,143960.553362,614420241.875622,2494.831508,0.629878,0,0,2,0.011643
661,74019.000000,25981.000000,26,198613.939603,1251573811.993959,2269.138323,0.583701,0,0,1,0.019426
662,76232.000000,23768.000000,27,210820.266760,1588679779.102111,2524.698656,0.502615,0,0,1,0.039279
663,80717.000000,19283.000000,29,192831.484298,1243468436.586045,2251.468548,0.609495,0,0,1,0.022458
664,74188.000000,25812.000000,24,151373.229385,817370759.940582,1897.601228,0.829276,0,1,2,0.013894
665,62919.000000,37081.000000,20,148704.392463,848755524.281089,2275.239415,0.611106,0,1,1,0.016338
666,72448.000000,27552.000000,25,140171.954951,973961474.390365,1613.431601,0.899080,0,1,1,0.020900
667,71629.000000,28371.000000,22,158833.173170,1032384622.827880,2141.680791,0.608693,0,1,2,0.016884
668,77296.000000,22704.000000,25,190501.322407,1021321370.034053,2457.824666,0.691340,0,1,2,0.024922
669,70875.000000,29125.000000,21,158426.689875,846462231.685313,1789.079079,0.652234,0,1,2,0.012261
670,89642.000000,10358.000000,42,216132.476244,1179520809.144678,2008.977190,0.607595,0,1,1,0.014246
671,67818.000000,32182.000000,20,147597.268586,500561929.954677,1828.592677,0.662356,0,1,2,0.018559
672,69146.000000,30854.000000,23,187642.362412,1647388049.101063,2999.154236,0.607741,0,1,2,0.019094
673,77531.000000,22469.000000,27,179273.400429,1358375023.603406,1927.168900,0.665448,0,1,2,0.015107
674,69365.000000,30635.000000,22,180669.004254,1100438759.817579,2522.805669,0.524338,0,1,2,0.020387
675,72700.000000,27300.000000,23,191083.344535,1427127789.070325,2431.240208,0.567217,0,1,4,0.014099
676,73526.000000,26474.000000,25,182323.184989,979656632.633613,2244.532219,0.763446,0,1,2,0.017375
677,80050.000000,19950.000000,33,208217.317322,1380888508.090740,2514.548245,0.536108,0,1,2,0.025741
678,95113.000000,4887.000000,45,204132.999483,1496789823.924864,1724.362076,0.763602,0,1,2,0.028625
679,74028.000000,25972.000000,24,146970.953259,534571804.121479,1709.133764,0.712182,0,1,1,0.018270
680,77013.000000,22987.000000,26,164018.576216,837625045.208652,1969.127454,0.719301,0,1,2,0.019035
681,74200.000000,25800.000000,26,189358.820879,1612091002.034049,2060.292184,0.650139,0,1,2,0.023256
682,70979.000000,29021.000000,23,190402.551544,1121192459.777034,2539.283487,0.541456,0,1,2,0.018288
683,72165.000000,27835.000000,22,189951.355520,1449622510.085838,2750.429189,0.471584,0,1,2,0.018194
684,72327.000000,27673.000000,25,186039.650671,1329957698.345682,2741.646750,0.577373,0,1,1,0.027931
685,81910.000000,18090.000000,35,198448.018902,1154575962.741397,1932.945673,0.761044,0,1,1,0.012061
686,70313.000000,29687.000000,22,175003.075003,1163659595.947635,2407.438581,0.637837,0,1,3,0.017629
687,80428.000000,19572.000000,32,202063.241163,1450428160.908041,2385.021998,0.588696,0,1,5,0.022268
688,66806.000000,33194.000000,18,167759.495528,991991900.650465,2810.483581,0.567132,0,1,2,0.021129
689,73651.000000,26349.000000,22,180997.945475,1305845445.487708,2254.035834,0.687200,0,1,2,0.022413
690,70455.000000,29545.000000,21,186024.228026,1065589876.183025,2552.183345,0.601953,0,1,2,0.015204
691,69278.000000,30722.000000,18,152671.088871,700367644.970964,2019.481938,0.770962,0,1,2,0.013392
692,73278.000000,26722.000000,23,195391.896219,1359201915.584833,2711.980758,0.631962,0,1,1,0.019274
693,75135.000000,24865.000000,25,190915.928170,1198806712.201087,2100.759282,0.668659,0,1,2,0.020272
694,62564.000000,37436.000000,19,177291.971259,1607481312.050799,2843.445549,0.624416,0,1,2,0.021457
695,71870.000000,28130.000000,23,183792.935505,1091060941.956248,2326.413142,0.503553,0,1,2,0.014626
696,70325.000000,29675.000000,21,175391.406648,1176417041.984942,2858.053492,0.775551,0,1,2,0.014652
697,76215.000000,23785.000000,28,108663.918380,218328430.949742,1204.046478,1.050795,0,1,1,0.014951
698,67420.000000,32580.000000,17,104655.548914,411904934.502469,1439.917979,0.932505,0,1,2,0.010704
699,64781.000000,35219.000000,19,138409.138734,557541336.602016,2261.197181,0.659378,0,1,1,0.018094
700,70759.000000,29241.000000,20,119806.011746,1371896562.522104,1564.508710,0.949728,0,1,2,0.014818
701,70131.000000,29869.000000,20,128985.476561,282446314.904311,1625.370838,0.804824,0,1,2,0.014882
702,76026.000000,23974.000000,29,160596.978827,699267560.033684,1769.460997,0.700203,0,1,2,0.014195
703,71330.000000,28670.000000,21,118425.346302,413153656.863309,1645.848374,0.870882,0,1,2,0.015249
704,70153.000000,29847.000000,23,131399.876037,724448854.531207,1679.293684,0.975314,0,1,2,0.015772
705,77653.000000,22347.000000,29,139721.344286,641128233.181026,1514.331684,0.836411,0,1,1,0.010610
706,69867.000000,30133.000000,21,111150.427759,252691607.178524,1474.756931,0.882366,0,1,2,0.019729
707,69114.000000,30886.000000,21,118888.294040,560277944.899865,1638.630741,0.824428,0,1,2,0.010719
708,78155.000000,21845.000000,27,146871.384231,530871775.178013,1474.748659,0.800839,0,1,1,0.013343
709,73415.000000,26585.000000,23,140427.911529,422050611.063708,1932.886903,0.740567,0,1,3,0.013866
710,79149.000000,20851.000000,30,154522.834593,671947212.099237,1714.606813,0.784082,0,1,1,0.013904
711,83056.000000,16944.000000,33,154194.495818,604033614.656269,1469.471024,0.809428,0,1,2,0.018569
712,71407.000000,28593.000000,20,171221.994895,626443382.219890,2290.473162,0.580552,0,1,1,0.013140
713,67021.000000,32979.000000,20,130170.103363,425215009.354131,2122.386458,0.829333,0,1,2,0.015512
714,78101.000000,21899.000000,28,150645.585698,623412319.514577,1699.056803,0.762009,0,1,2,0.027064
715,75546.000000,24454.000000,25,164463.145701,791653250.248265,1710.824379,0.648381,0,1,3,0.023933
716,64883.000000,35117.000000,17,151114.759212,668721498.209430,2172.250569,0.574527,0,1,1,0.020700
717,72947.000000,27053.000000,23,157629.634018,685046813.799222,2068.993509,0.685865,0,1,1,0.026395
718,71737.000000,28263.000000,20,149928.594692,681259855.904861,2049.466322,0.720604,0,1,2,0.014568
719,65039.000000,34961.000000,17,141709.600041,666878844.844973,2244.541259,0.712780,0,1,1,0.021631
720,64213.000000,35787.000000,16,143945.088183,721899016.592372,2132.492208,0.602615,0,1,2,0.023253
721,69677.000000,30323.000000,22,142955.718058,476108558.618041,1968.443231,0.750539,0,1,2,0.012196
722,67164.000000,32836.000000,18,158468.044818,855638945.425725,2613.982404,0.611878,0,1,2,0.015963
723,73388.000000,26612.000000,20,120330.252561,902229262.030000,1264.855596,1.001776,0,1,2,0.018824
724,71652.000000,28348.000000,22,135174.869840,355548153.548024,1878.360884,0.878956,0,1,1,0.023363
725,71315.000000,28685.000000,22,174092.133171,640769290.005178,2003.259799,0.715862,0,1,2,0.013848
726,72321.000000,27679.000000,23,154707.331133,852940804.853338,1857.644325,0.733210,0,1,3,0.015969
727,68511.000000,31489.000000,23,149031.006498,1027857543.676002,2206.222563,0.795241,0,1,3,0.017818
728,73851.000000,26149.000000,24,148035.224627,863140462.376448,1753.628911,0.844288,0,1,2,0.020479
729,68647.000000,31353.000000,17,139042.585653,486135456.317097,2002.195312,0.745714,0,1,1,0.016262
730,75256.000000,24744.000000,25,149333.507040,709462031.325864,1724.437949,0.890531,0,1,2,0.012484
731,62744.000000,37256.000000,14,130577.815327,558736417.789033,2617.559520,0.738277,0,1,2,0.018051
732,67478.000000,32522.000000,21,140296.768354,615505551.698877,1888.936595,0.745891,0,1,5,0.014166
733,77461.000000,22539.000000,27,161545.252418,820113311.185186,1795.192438,0.713251,0,1,2,0.013853
734,73069.000000,26931.000000,25,152413.637773,680517465.973676,1858.781873,0.663950,0,1,2,0.016625
735,78484.000000,21516.000000,28,227287.415432,1486363489.854216,2696.909788,0.489960,0,0,7,0.012787
736,81770.000000,18230.000000,31,226363.232053,1532683647.011442,2732.057452,0.488228,0,0,7,0.013943
737,71643.000000,28357.000000,26,206282.884736,1726966398.844432,2840.740117,0.477648,0,0,2,0.015934
738,71500.000000,28500.000000,21,208396.796632,1465473586.442170,2992.998023,0.445810,0,0,2,0.018904
739,67541.000000,32459.000000,20,223717.447768,1694664622.155272,3208.153207,0.379253,0,0,2,0.026849
740,64815.000000,35185.000000,16,219180.854740,1326179439.654561,3180.725761,0.434682,0,0,5,0.018855
741,71372.000000,28628.000000,23,230910.356068,1581632476.860054,3043.425657,0.361299,0,0,2,0.026191
742,76232.000000,23768.000000,23,219140.528562,1898337055.781212,2631.518032,0.493533,0,0,2,0.011627
743,76035.000000,23965.000000,27,226793.236877,1840822103.781308,2383.763477,0.452797,0,0,1,0.018273
744,77934.000000,22066.000000,27,211692.885651,2050711561.699157,2736.541759,0.510624,0,0,2,0.045166
745,69404.000000,30596.000000,18,217037.445750,1762945174.931605,3157.017095,0.384367,0,0,2,0.036900
746,74306.000000,25694.000000,25,222305.952918,1665629693.568604,3029.061818,0.405374,0,0,4,0.033076
747,59973.000000,40027.000000,14,195119.938971,2136870393.260078,3701.073125,0.497380,0,0,1,0.027273
748,65848.000000,34152.000000,16,215474.810283,1531969784.505863,2879.638743,0.441244,0,0,5,0.021084
749,71615.000000,28385.000000,24,210307.897021,1820176413.505404,2415.246002,0.537338,0,0,2,0.032330
750,67053.000000,32947.000000,19,198889.482677,1804637270.748426,3060.166650,0.465305,0,0,1,0.019759
751,72197.000000,27803.000000,22,218699.983446,1814649102.013125,2760.801283,0.539577,0,0,5,0.024222
752,76592.000000,23408.000000,27,223621.115650,1928254004.664593,2578.526698,0.504891,0,0,2,0.020050
753,67866.000000,32134.000000,19,203171.147277,1355035246.462981,2955.388414,0.421911,0,0,1,0.028570
754,70716.000000,29284.000000,24,206138.702790,1836298598.950057,2829.992701,0.564610,0,0,1,0.029371
755,73254.000000,26746.000000,24,224783.538918,1759553767.019220,2889.119034,0.418919,0,0,1,0.021526
756,97675.000000,2325.000000,47,234900.593975,1542154086.266290,2177.683393,0.508696,0,0,0,-0.000000
757,66827.000000,33173.000000,19,217454.982511,1549644235.626061,3147.546146,0.416700,0,0,6,0.025463
758,68204.000000,31796.000000,18,217649.609981,1720699252.885781,3182.782137,0.435052,0,0,5,0.021781
759,76137.000000,23863.000000,26,211553.855938,1741701143.152499,2682.446116,0.491025,0,0,2,0.020314
760,75101.000000,24899.000000,26,214205.335584,1834456415.225946,2600.313333,0.541965,0,0,2,0.018260
761,73843.000000,26157.000000,20,216078.469155,1505514207.837631,2751.338529,0.475430,0,0,1,0.032512
762,69574.000000,30426.000000,22,222246.714805,1514688477.809927,3199.313623,0.436735,0,0,1,0.050000
763,63665.000000,36335.000000,19,208490.880279,1201843547.384883,3525.588591,0.428219,0,0,1,0.034772
764,69750.000000,30250.000000,21,215893.296593,1537604779.422546,2920.905645,0.424345,0,0,2,0.020257
765,79322.000000,20678.000000,29,223578.210744,1370174586.399048,2314.214007,0.496764,0,0,4,0.024726
766,78726.000000,21274.000000,25,225552.767756,1895140237.843919,2710.798615,0.505997,0,0,3,0.013433
767,69127.000000,30873.000000,20,213208.886860,1561803044.323538,2808.868638,0.447002,2,1,1,0.016478
768,72494.000000,27506.000000,24,220673.502358,1501561486.207407,2874.899039,0.474275,2,1,1,0.010779
769,72109.000000,27891.000000,23,215903.172938,2064231721.318749,2709.759953,0.420550,2,1,3,0.016050
770,73319.000000,26681.000000,25,210102.777324,1459443843.355806,2590.227159,0.505515,2,1,3,0.013380
771,74460.000000,25540.000000,27,222694.217096,1496789266.013355,2758.349963,0.486056,2,1,3,0.018783
772,69660.000000,30340.000000,23,213866.663562,1582597152.956626,2769.933906,0.394990,2,1,1,0.024749
773,68798.000000,31202.000000,19,215954.181666,1498162646.724395,3156.642023,0.440748,2,1,3,0.026451
774,74983.000000,25017.000000,24,217646.547430,1526604428.567440,2577.142144,0.457214,2,1,4,0.022097
775,74205.000000,25795.000000,25,222178.023163,1759070740.595734,2741.097457,0.453066,2,1,2,0.022921
776,70386.000000,29614.000000,23,214464.326590,1449975005.964459,2981.307249,0.430277,2,1,2,0.023161
777,78679.000000,21321.000000,28,220797.492393,1676347983.432057,2525.383643,0.479945,2,1,2,0.022599
778,71698.000000,28302.000000,24,218006.085735,1404227584.779287,3005.392244,0.440543,2,1,2,0.020716
779,84833.000000,15167.000000,36,232835.425374,1527475865.948634,2469.750725,0.539018,2,1,3,0.017467
780,77308.000000,22692.000000,26,214039.488139,1932128686.280052,2688.437388,0.581292,2,1,3,0.019176
781,71889.000000,28111.000000,23,215660.558207,1687991652.396413,3046.804313,0.388421,2,1,1,0.015243
782,66561.000000,33439.000000,21,210717.429686,1739652781.823377,3263.252403,0.446810,2,1,1,0.018977
783,69469.000000,30531.000000,21,226728.653996,1606391644.643686,3724.944988,0.399888,2,1,3,0.019448
784,63410.000000,36590.000000,17,189587.091123,1371852410.204327,3242.579944,0.458327,2,1,1,0.037243
785,76974.000000,23026.000000,25,229870.283163,1735594842.877295,2938.084855,0.400858,2,1,3,0.019209
786,72908.000000,27092.000000,27,229922.217039,1724415924.505198,2856.221047,0.395939,2,1,3,0.026561
787,74843.000000,25157.000000,25,220782.657992,1803481871.841224,2757.858065,0.484498,2,1,1,0.032462
788,68412.000000,31588.000000,20,213542.112174,1627296993.248011,2968.476292,0.484485,2,1,1,0.019760
789,70938.000000,29062.000000,19,217115.199567,1555031340.505235,2877.129160,0.422260,2,1,1,0.013212
790,69844.000000,30156.000000,22,205918.284803,1432065536.429842,2927.597539,0.468686,2,1,1,0.018613
791,76492.000000,23508.000000,24,221740.421646,1531042273.222755,2577.544744,0.581578,2,1,3,0.016197
792,83235.000000,16765.000000,34,231713.571121,1489911229.387845,2860.838158,0.456342,2,1,2,0.015018
793,67998.000000,32002.000000,20,202554.199774,1528816761.450254,3122.545498,0.482038,2,1,1,0.011939
794,77988.000000,22012.000000,28,213557.954912,1358450762.877102,2424.642720,0.564015,2,1,1,0.023089
795,76705.000000,23295.000000,28,213873.897853,1307093691.004839,2413.328109,0.493339,2,1,1,0.018706
796,65211.000000,34789.000000,18,212744.695597,1676950399.270866,3108.193588,0.434522,2,1,1,0.014958
797,74468.000000,25532.000000,27,208958.101085,1703970058.081037,2459.041508,0.537219,2,1,1,0.019317
798,68693.000000,31307.000000,22,218892.413828,1765057613.674356,3414.742106,0.371217,2,1,1,0.022458
799,69883.000000,30117.000000,20,204374.842749,1297715595.424529,2871.096562,0.404202,2,1,1,0.028682
800,97839.000000,2161.000000,47,232995.492249,1834516983.165532,2116.126261,0.576826,2,1,1,0.005429
801,75701.000000,24299.000000,24,219484.580273,1494538796.085078,2801.772335,0.491915,2,1,1,0.035557
802,97746.000000,2254.000000,48,234764.824095,1756533676.944621,1940.519460,0.576662,2,1,0,-0.000000
803,94191.000000,5809.000000,45,231738.746961,1749647754.980329,2063.411155,0.492874,0,0,1,0.011013
804,74671.000000,25329.000000,24,215278.533831,1688830284.793226,2630.189995,0.555578,0,0,1,0.036461
805,67155.000000,32845.000000,21,216584.333136,1622333432.953100,3044.958061,0.440518,0,0,1,0.025072
806,64822.000000,35178.000000,18,213977.309850,1259315460.932322,3016.745784,0.359088,0,0,1,0.025319
807,72507.000000,27493.000000,26,207626.468162,1627443926.020593,2403.023395,0.453659,0,0,1,0.028972
808,71021.000000,28979.000000,23,198631.991763,1290647633.925233,2764.328525,0.504925,0,0,1,0.028328
809,70466.000000,29534.000000,22,209280.770593,1608077977.463332,2745.573965,0.433766,0,0,1,0.022570
810,69936.000000,30064.000000,23,209277.955160,1326783792.102532,2761.532968,0.432397,0,0,2,0.062785
811,70654.000000,29346.000000,21,213249.279309,1370404912.931347,2799.915267,0.464849,0,0,1,0.028156
812,69701.000000,30299.000000,19,124246.583046,510900125.714268,1639.026633,0.778801,0,0,1,0.013017
813,70577.000000,29423.000000,22,101845.170993,530912130.524416,1454.815274,0.987892,0,0,1,0.016896
814,65641.000000,34359.000000,19,110598.247846,438411332.677208,1517.961358,0.838884,0,0,2,0.017770
815,72383.000000,27617.000000,21,135268.405231,637068510.276945,1825.552253,0.870813,0,0,1,0.021655
816,68915.000000,31085.000000,19,111195.459405,429801332.327691,1738.610959,0.836806,0,0,1,0.007915
817,94385.000000,5615.000000,46,177597.873104,862455286.349615,1508.373703,0.852976,0,0,0,0.000000
818,69054.000000,30946.000000,20,134791.117458,611311534.157483,1845.269388,0.782161,0,0,2,0.015070
819,76998.000000,23002.000000,27,117302.546708,249464635.345170,1347.370254,0.970285,0,0,2,0.020813
820,69846.000000,30154.000000,21,111060.374043,296591715.897255,1441.222149,0.974622,0,0,2,0.010208
821,67720.000000,32280.000000,20,133658.146313,908250108.868760,1801.537746,0.863693,0,0,1,0.017436
822,66534.000000,33466.000000,20,94712.162308,491042187.432220,1516.848940,0.917310,0,0,1,0.013169
823,73797.000000,26203.000000,26,102798.283912,285671510.147665,1197.975997,0.965364,0,0,1,0.010848
824,76789.000000,23211.000000,29,113662.516253,278548166.980659,1123.971934,1.054572,0,0,1,0.021277
825,61265.000000,38735.000000,14,95319.469705,178334633.337149,1440.781530,0.853007,0,0,1,0.022046
826,68688.000000,31312.000000,21,86428.541005,406273049.060571,1033.194829,1.026484,0,0,1,0.012771
827,69107.000000,30893.000000,23,112748.295475,212785298.015957,1449.814350,0.842006,0,0,1,0.010009
828,72499.000000,27501.000000,22,104338.125767,239736382.053393,1101.660756,1.009156,0,0,1,0.016565
829,75728.000000,24272.000000,22,107432.951520,704848099.109224,1187.428871,1.041112,0,0,2,0.009330
830,71309.000000,28691.000000,21,118091.648822,611952659.439588,1480.837754,0.834317,0,0,1,0.009280
831,77536.000000,22464.000000,28,132871.694480,432994491.233100,1612.767840,0.789137,0,0,1,0.013351
832,70447.000000,29553.000000,21,100763.665591,553466395.116463,1300.692631,0.932756,0,0,2,0.011486
833,65040.000000,34960.000000,11,77569.341021,348949245.977595,1139.597672,1.050072,0,0,1,0.009079
834,73576.000000,26424.000000,25,145848.303749,934085149.593080,1640.767977,0.698381,0,0,2,0.009300
835,66429.000000,33571.000000,19,120774.100761,314524171.375313,1685.659157,0.710981,0,0,1,0.010315
836,83764.000000,16236.000000,37,171810.504126,1525825123.708084,1380.871967,0.787975,0,0,2,0.005502
837,73798.000000,26202.000000,25,124573.191369,370617197.011349,1576.173489,0.869170,0,0,3,0.016226
838,70599.000000,29401.000000,21,134772.449589,623836549.088473,1680.598759,0.822013,0,0,1,0.011171
839,73064.000000,26936.000000,22,119803.660516,289317360.645132,1417.341860,0.797565,0,0,2,0.012077
840,72519.000000,27481.000000,21,121005.172081,519386223.179341,1466.205137,0.933948,0,0,1,0.011928
841,68862.000000,31138.000000,19,105135.519087,303073910.790657,1379.167708,0.795242,0,0,2,0.017003
842,67962.000000,32038.000000,19,107048.184034,210477512.580373,1461.253410,0.996340,0,0,3,0.011959
843,66362.000000,33638.000000,19,89065.464270,173572786.426038,1213.293478,0.888469,0,0,1,0.010664
844,70716.000000,29284.000000,22,84273.296669,327110742.231908,1333.136991,1.399338,0,0,1,0.011144
845,70639.000000,29361.000000,20,109279.005428,645020384.422778,1340.962553,0.967787,0,0,2,0.010706
846,66222.000000,33778.000000,18,87554.871254,368636442.314150,1205.812305,1.023584,0,0,2,0.010350
847,73565.000000,26435.000000,21,98036.317844,289196882.123926,1186.671874,1.013608,0,0,1,0.014352
848,73826.000000,26174.000000,26,109782.193662,271927412.868777,1268.408630,1.093250,0,0,1,0.007056
849,66987.000000,33013.000000,19,87431.776158,293378926.826988,1211.281905,1.195914,0,0,1,0.010534
850,67161.000000,32839.000000,19,107444.170807,712509601.970784,1357.135140,0.899504,0,0,1,0.008225
851,76482.000000,23518.000000,24,132162.830961,474222123.820460,1772.966662,1.063302,0,0,1,0.010502
852,82715.000000,17285.000000,34,124962.229319,254949568.001615,1221.796430,1.012371,0,0,2,0.007675
853,79255.000000,20745.000000,31,138035.637689,482238181.559540,1469.767115,0.926644,0,0,2,0.011383
854,68329.000000,31671.000000,19,110990.657944,529429103.223573,1316.607655,0.949310,0,0,1,0.008148
855,77450.000000,22550.000000,25,126008.636477,725569843.459901,1406.185254,1.069986,0,0,2,0.018687
856,82967.000000,17033.000000,34,152553.141246,971689305.292352,1436.109332,0.808619,0,0,1,0.006686
857,63280.000000,36720.000000,16,83210.228436,381345962.552027,1187.490981,1.068217,0,0,1,0.009368
858,69904.000000,30096.000000,18,94357.391111,468408791.018047,1135.947297,1.159826,0,0,1,0.011841
859,62716.000000,37284.000000,19,101459.991808,239396658.875906,1458.794817,0.912253,0,0,1,0.018981
860,73287.000000,26713.000000,23,106971.001335,293660862.438682,1280.758257,0.791940,0,0,1,0.007511
861,66829.000000,33171.000000,15,101770.939277,520683488.881345,1466.490396,0.805648,0,0,1,0.014402
862,71509.000000,28491.000000,22,90072.920914,305004548.121255,1088.237562,0.999263,0,0,1,0.012120
863,68193.000000,31807.000000,21,89595.405026,116913260.020101,1366.170542,0.915023,0,0,1,0.014698
864,86794.000000,13206.000000,38,168035.060862,1100192086.793887,1641.724665,0.694817,0,0,1,0.007540
865,61616.000000,38384.000000,15,82798.400328,320878903.259765,1292.393952,1.127397,0,0,1,0.015044
866,92114.000000,7886.000000,44,174035.431279,1439760401.494429,1607.966479,0.898944,0,0,2,0.006488
867,68563.000000,31437.000000,23,128835.834323,801496332.378597,1599.736714,0.736112,0,0,1,0.013422
868,74188.000000,25812.000000,21,108159.642919,265306333.783259,1176.062612,0.920312,0,0,2,0.008981
869,68350.000000,31650.000000,17,100933.737341,157467179.440974,1539.382208,0.906714,0,0,1,0.022560
870,61288.000000,38712.000000,17,89606.017633,170850394.949595,1466.953752,1.003597,0,0,1,0.012661
871,71772.000000,28228.000000,21,103599.400545,532209895.421035,1307.779096,0.989505,0,0,1,0.010930
872,69619.000000,30381.000000,22,108280.990888,283506038.488387,1394.754951,0.793480,0,0,1,0.011686
873,65788.000000,34212.000000,17,100160.562905,295996035.879076,1506.613440,0.818948,0,0,1,0.012289
874,67906.000000,32094.000000,19,109526.717057,449512023.894510,1711.464393,0.967850,0,0,1,0.011344
875,73363.000000,26637.000000,24,118650.449629,601468863.079551,1363.573178,0.947141,0,0,1,0.010640
876,67274.000000,32726.000000,23,103992.258614,324115068.659790,1230.762155,0.952291,0,0,1,0.011471
877,72957.000000,27043.000000,24,105469.785587,305813993.623955,1304.671857,0.984563,0,0,1,0.012765
878,71039.000000,28961.000000,22,104373.129674,428578932.409078,1296.494742,0.985873,0,0,1,0.013328
879,70716.000000,29284.000000,24,117050.617197,310043078.750983,1712.164799,0.930708,0,0,1,0.015354
880,68071.000000,31929.000000,21,93393.124926,255685534.291704,1147.162647,1.171226,0,0,1,0.008938
881,67608.000000,32392.000000,21,115641.004654,315974861.940803,1494.092592,0.801581,0,0,1,0.009065
882,98326.000000,1674.000000,47,161499.408456,1228099945.021740,1244.102647,1.018662,0,0,2,0.009260
883,94979.000000,5021.000000,46,147874.633728,998285016.055508,1398.684353,0.978834,0,0,1,0.004056
884,75336.000000,24664.000000,26,121545.567119,428464991.709514,1526.011802,0.866842,0,0,1,0.010729
885,68601.000000,31399.000000,17,97898.913403,401873664.802644,1423.688575,1.073089,0,0,1,0.012770
886,72594.000000,27406.000000,22,126912.314732,371588299.189670,1568.706350,0.931818,0,0,1,0.009538
887,66808.000000,33192.000000,16,101768.362453,222930937.459951,1387.121588,0.903808,0,0,1,0.014660
888,69896.000000,30104.000000,18,126880.547107,578739898.266362,1875.721708,0.783507,0,0,1,0.011418
889,72969.000000,27031.000000,23,111356.734563,333931124.934060,1362.218676,0.918211,0,0,1,0.015003
890,72583.000000,27417.000000,22,116489.530762,266139774.093055,1416.465343,0.841699,0,0,1,0.009822
891,72004.000000,27996.000000,24,218905.439857,1437268974.908657,2784.175680,0.508099,0,0,1,0.036722
892,96622.000000,3378.000000,47,230764.605840,1555339498.572281,2075.391247,0.593519,0,0,1,0.012866
893,72601.000000,27399.000000,24,216907.775924,1480541212.150914,3064.175158,0.428923,0,0,1,0.013234
894,71113.000000,28887.000000,22,211255.562788,2329883123.535551,2717.202744,0.459613,0,0,1,0.029098
895,68616.000000,31384.000000,23,213197.099973,1644632914.901379,2893.216289,0.438855,0,0,1,0.017203
896,73745.000000,26255.000000,25,217651.291379,1778230428.360066,2815.876596,0.506723,0,0,1,0.014053
897,98016.000000,1984.000000,49,233774.657470,1713141465.477719,2051.590502,0.521377,0,0,0,-0.000000
898,61182.000000,38818.000000,15,201074.208287,1330071311.889955,3514.233048,0.414850,0,0,1,0.018096
899,76585.000000,23415.000000,26,222803.631650,1328381467.845226,2364.463309,0.544946,0,0,2,0.020253
900,74631.000000,25369.000000,27,221363.650563,1531392254.543383,2788.901716,0.441176,0,0,1,0.016047
901,78038.000000,21962.000000,28,220719.360927,2142040085.142735,2594.648276,0.489997,0,0,1,0.029935
902,80494.000000,19506.000000,31,227288.898409,1400529763.006845,2890.312352,0.432098,0,0,1,0.011945
903,67804.000000,32196.000000,21,214185.891046,1873845397.354738,3307.451759,0.516661,0,0,2,0.020157
904,70694.000000,29306.000000,20,213486.914231,1502901538.573054,2956.726264,0.478384,0,0,1,0.020891
905,72586.000000,27414.000000,24,217348.338470,1709373240.404194,2665.209290,0.405951,0,0,1,0.020488
906,71619.000000,28381.000000,24,202748.822845,2269709786.569357,2861.814587,0.472429,0,0,1,0.014181
907,69521.000000,30479.000000,21,215783.245436,1584641181.429656,3024.830852,0.447359,0,0,1,0.015823
908,94936.000000,5064.000000,46,224951.470790,2187151274.366009,2233.188332,0.529682,0,0,0,0.001759
909,67319.000000,32681.000000,20,212949.047922,1207620355.418127,2839.912764,0.427604,0,0,1,0.016293
910,69665.000000,30335.000000,19,218868.367398,1475068361.107871,2726.100063,0.454101,0,0,1,0.013091
911,73859.000000,26141.000000,24,224409.145136,1516622995.421615,2847.964063,0.452923,0,0,1,0.016610
912,70749.000000,29251.000000,22,204449.529688,1503218674.210804,3187.346794,0.443161,0,0,1,0.014521
913,63890.000000,36110.000000,16,217243.633895,2460969347.099665,3818.367040,0.356000,0,0,1,0.012940
914,68963.000000,31037.000000,21,190709.771907,1482607398.183732,2783.428487,0.471116,0,0,1,0.025878
915,73457.000000,26543.000000,24,224531.320444,1508245858.515373,3011.431163,0.488720,0,0,1,0.015465
916,75980.000000,24020.000000,26,212353.758191,1841650495.520242,2511.051290,0.553104,0,0,1,0.015995
917,75388.000000,24612.000000,26,210539.597064,1270448408.431889,2586.047743,0.495149,0,0,1,0.010554
918,71649.000000,28351.000000,21,217778.280499,1578937846.099130,3238.019570,0.381270,0,0,1,0.015023
919,69810.000000,30190.000000,19,208948.238469,1472199137.739444,2625.953671,0.548166,0,0,1,0.020390
920,69505.000000,30495.000000,21,219082.767340,1436794733.028614,2955.541500,0.461425,0,0,1,0.015450
921,77990.000000,22010.000000,30,222531.981342,1363865868.009528,2309.502482,0.533948,0,0,1,0.013009
922,70190.000000,29810.000000,22,220689.434491,1923394317.983986,3007.914861,0.437190,0,0,1,0.018097
923,67151.000000,32849.000000,22,214114.121213,1392661843.024040,3266.671004,0.445540,0,0,1,0.014190
924,75207.000000,24793.000000,27,220281.349846,1695796865.970308,3078.666570,0.431337,0,0,1,0.023606
925,74056.000000,25944.000000,25,214562.380369,1495074708.566588,2633.942072,0.465536,0,0,1,0.025423
926,69044.000000,30956.000000,21,203626.120204,1738486414.500380,2646.692682,0.505651,0,0,1,0.028576
927,78657.000000,21343.000000,25,216034.308871,1921217840.392109,2561.576963,0.498764,0,0,1,0.036600
928,76484.000000,23516.000000,26,214766.008616,1529322502.290667,3113.675403,0.465917,0,0,1,0.013909
929,72117.000000,27883.000000,24,204341.164554,2796686721.787470,2931.329602,0.576726,0,0,1,0.011410
930,71257.000000,28743.000000,20,213754.318403,2065229427.583737,3018.327054,0.524823,0,0,1,0.018631
931,75022.000000,24978.000000,26,224956.472269,1649410464.601037,3135.513669,0.416437,0,0,1,0.016764
932,76880.000000,23120.000000,25,226869.033114,1619782451.518914,2717.708788,0.443177,0,0,1,0.015440
933,61572.000000,38428.000000,18,191763.543483,1878622474.357952,3116.353082,0.409092,0,0,1,0.030530
934,75909.000000,24091.000000,24,218906.374072,1938834538.772821,2891.459002,0.476981,0,0,1,0.015233
935,73267.000000,26733.000000,24,210735.998333,1408369399.690169,2842.775489,0.516389,0,0,1,0.028613
936,70658.000000,29342.000000,20,218903.298031,1830550943.303688,3210.525179,0.443469,0,0,1,0.015020
937,96340.000000,3660.000000,46,226376.015297,2060985156.104648,1857.601258,0.562407,0,0,0,0.000000
938,66678.000000,33322.000000,18,215744.527575,1734363535.073302,3269.653498,0.465510,0,0,1,0.024449
939,67747.000000,32253.000000,18,213930.891760,1528941291.472862,3059.641886,0.446599,0,0,1,0.037951
940,77254.000000,22746.000000,23,215387.196764,1556657350.300333,2565.044548,0.583411,0,0,1,0.019285
941,70236.000000,29764.000000,19,210243.174518,1345761106.780008,2954.822752,0.492854,0,0,1,0.017661
942,68836.000000,31164.000000,22,214136.884645,1668064466.657408,2949.510524,0.451928,0,0,1,0.019674
943,68702.000000,31298.000000,22,218448.983147,1661234852.421907,3323.881642,0.433044,0,0,1,0.029728
944,74358.000000,25642.000000,25,216558.235796,1230733409.587682,2670.156243,0.507198,0,0,1,0.018510
945,71595.000000,28405.000000,21,218211.346076,1987441613.831004,2729.138646,0.488023,0,0,1,0.023277
946,69214.000000,30786.000000,21,213480.352252,1489550247.687916,3292.797610,0.528999,0,0,1,0.011107
947,71760.000000,28240.000000,24,213287.879446,1378659533.280121,3024.123891,0.469212,0,0,1,0.022879
948,70774.000000,29226.000000,23,225965.085899,1507194948.038338,2896.859831,0.389643,0,0,1,0.017872
949,70289.000000,29711.000000,22,212568.173742,1511827509.991282,2913.927913,0.398922,0,0,1,0.028475
950,74049.000000,25951.000000,25,228110.315956,1755150844.331224,3251.106156,0.481073,0,0,1,0.018118
951,76917.000000,23083.000000,22,224108.115700,1604220667.074351,2890.409930,0.501792,0,0,1,0.025357
952,80244.000000,19756.000000,29,224921.803316,1510900465.618000,2606.220285,0.488744,0,0,1,0.022242
953,77894.000000,22106.000000,28,214792.575820,1404021402.952237,2385.426944,0.470330,0,0,1,0.017011
954,95679.000000,4321.000000,45,230586.944109,1882393719.565736,2370.109470,0.457898,0,0,1,0.003568
955,74670.000000,25330.000000,23,219878.779585,1871031501.407678,2789.780462,0.428334,0,1,1,0.018459
956,71673.000000,28327.000000,22,213431.770553,1754710093.948550,3049.871657,0.523884,0,1,1,0.019302
957,96068.000000,3932.000000,47,232024.301383,1540921747.545706,2169.335369,0.492967,0,1,0,0.000000
958,74442.000000,25558.000000,26,224482.364559,1602583469.235913,3058.080806,0.401980,0,1,1,0.019868
959,74640.000000,25360.000000,26,225614.989513,1843166704.857114,2730.086707,0.420222,0,1,1,0.019628
960,66453.000000,33547.000000,16,198917.917372,2142700301.045522,3137.472625,0.475689,0,1,1,0.014878
961,75391.000000,24609.000000,26,220256.644151,1862827842.369804,2660.381809,0.445813,0,1,1,0.018179
962,67801.000000,32199.000000,19,210001.876226,1844146354.163896,3880.745030,0.531706,0,1,1,0.022150
963,69145.000000,30855.000000,22,222899.894422,1765844838.644312,2943.479296,0.520238,0,1,1,0.020404
964,96416.000000,3584.000000,47,234536.349831,1557401070.005547,1875.671099,0.557643,0,1,0,-0.000000
965,89103.000000,10897.000000,42,229857.612233,1779347820.397068,2318.734091,0.472780,0,1,1,0.003719
966,72092.000000,27908.000000,22,226740.657402,1708141646.550790,3136.839366,0.430934,0,1,1,0.012128
967,68398.000000,31602.000000,23,226006.913063,2016569603.318040,3518.893750,0.403699,0,1,1,0.026086
968,75261.000000,24739.000000,24,224526.814294,1797191097.439291,2942.286608,0.532319,0,1,1,0.013489
969,71370.000000,28630.000000,21,222546.188588,1725708828.818228,3219.140578,0.405817,0,1,1,0.026852
970,72995.000000,27005.000000,26,210746.747063,2519479723.767657,2656.073409,0.491884,0,1,1,0.012822
971,69542.000000,30458.000000,19,208533.002466,1841606059.710351,2876.197057,0.506707,0,1,1,0.027571
972,66110.000000,33890.000000,21,207029.356055,1532210383.441434,2773.537646,0.468470,0,1,1,0.020325
973,75957.000000,24043.000000,27,225001.779689,1985434439.422456,2674.447935,0.454455,0,1,1,0.018891
974,99671.000000,329.000000,48,232802.417223,1485002536.797462,2046.149136,0.654794,0,1,0,-0.000000
975,72030.000000,27970.000000,23,220759.995973,2040959267.937825,3112.579202,0.535078,0,1,1,0.029684
976,65814.000000,34186.000000,18,225272.074257,1606415365.911652,3529.490949,0.381838,0,1,1,0.038462
977,68546.000000,31454.000000,20,201685.035201,1821429641.948622,2827.165773,0.577109,0,1,1,0.018365
978,73517.000000,26483.000000,24,225013.412855,1437731475.707606,3159.078685,0.405602,0,1,1,0.027487
979,89492.000000,10508.000000,38,224209.810684,2003800121.054490,2332.446183,0.560160,0,1,1,0.018113
980,72219.000000,27781.000000,23,212019.480782,1375638230.936751,2669.229955,0.438181,0,1,1,0.022589
981,83735.000000,16265.000000,39,234004.114853,1582360731.835385,2232.684878,0.470298,0,1,1,0.006012
982,75133.000000,24867.000000,25,227748.859770,1465345613.734851,2828.048957,0.400284,0,1,1,0.031466
983,70955.000000,29045.000000,24,220081.548700,2011105153.073907,3134.465903,0.453341,0,1,1,0.022808
984,77777.000000,22223.000000,27,221919.745495,1532347038.269640,2321.228639,0.490340,0,1,1,0.016000
985,76525.000000,23475.000000,25,226072.336694,1353670065.991406,2647.977721,0.406551,0,1,1,0.015108
986,89508.000000,10492.000000,39,229573.125035,1619392980.247565,2185.462678,0.494207,0,1,1,0.016926
987,82746.000000,17254.000000,28,219362.089379,1718930107.914917,2319.660042,0.504908,0,1,1,0.021492
988,63542.000000,36458.000000,16,214494.672770,1551600966.504951,3922.811417,0.454741,0,1,1,0.019449
989,71450.000000,28550.000000,22,211103.095759,1606306640.574334,2689.228972,0.431330,0,1,1,0.026585
990,73223.000000,26777.000000,23,228962.699294,1695175552.397545,3121.786730,0.416269,0,1,1,0.024263
991,69141.000000,30859.000000,21,216726.077421,1909934104.854382,2884.213196,0.437456,0,1,2,0.014716
992,69803.000000,30197.000000,22,216534.210485,1521195004.123430,3049.745988,0.395963,0,1,1,0.013221
993,77080.000000,22920.000000,25,208967.721690,2135258553.714270,2599.581409,0.638274,0,1,1,0.015060
994,85220.000000,14780.000000,35,234451.206160,1532266202.088611,2498.046598,0.510902,0,1,1,0.013052
995,69606.000000,30394.000000,21,231933.907326,1409957487.502286,3036.136427,0.493030,0,1,1,0.020477
996,74005.000000,25995.000000,26,209662.973585,1843679586.711951,2500.674405,0.458914,0,1,1,0.019359
997,76061.000000,23939.000000,23,226483.508131,1326262074.757483,2822.721770,0.453551,0,1,1,0.014611
998,73541.000000,26459.000000,27,219077.562250,1410158414.864222,2899.391548,0.454921,0,1,1,0.015065
999,74026.000000,25974.000000,28,215192.013647,1959259331.755111,2693.355399,0.548379,0,1,1,0.012168
1000,70724.000000,29276.000000,22,232283.016197,1416944812.519091,3574.937835,0.394867,0,1,1,0.021792
1001,71369.000000,28631.000000,20,224685.624469,1741349089.736301,3762.832051,0.462231,0,1,1,0.014618
1002,72750.000000,27250.000000,23,221648.154601,1670360292.262936,2856.075589,0.511013,0,1,1,0.015746
1003,72162.000000,27838.000000,22,223446.838702,1600214387.725113,3032.936641,0.393871,0,1,3,0.014039
1004,75443.000000,24557.000000,26,229859.977594,1672155826.871721,2629.282410,0.454238,0,1,1,0.020964
1005,66863.000000,33137.000000,17,222911.762397,1331925571.188691,3747.779102,0.382444,0,1,1,0.022757
1006,76705.000000,23295.000000,26,224930.914651,1622712648.513736,2555.397128,0.441076,0,1,1,0.018734
1007,71920.000000,28080.000000,24,214252.952895,1304176750.415007,2569.542672,0.508605,0,1,2,0.018709
1008,77489.000000,22511.000000,26,224727.068224,1785929360.211316,2437.777312,0.479684,0,1,1,0.011872
1009,71080.000000,28920.000000,23,222031.721869,1803027132.374553,3387.999779,0.377426,0,1,1,0.018370
1010,66602.000000,33398.000000,18,215681.406313,1726584675.339830,3550.899611,0.509022,0,1,1,0.026975
1011,71855.000000,28145.000000,24,215891.671130,1175062181.681875,2862.629371,0.452869,0,1,2,0.018242
1012,70242.000000,29758.000000,22,231464.029672,1543088748.857949,3077.392629,0.368296,0,1,1,0.023029
1013,71297.000000,28703.000000,21,209132.878029,1337673168.747161,2768.559654,0.478811,0,1,1,0.021782
1014,75840.000000,24160.000000,23,224754.795216,1603871988.482493,2876.400806,0.488539,0,1,2,0.017699
1015,71715.000000,28285.000000,23,222640.069889,1449854533.266819,2728.177692,0.449326,0,1,1,0.019785
1016,89138.000000,10862.000000,42,235386.367639,1578818216.038880,2467.620566,0.442269,0,1,0,0.001607
1017,74929.000000,25071.000000,25,225383.276040,1633444056.942642,2770.419703,0.462991,0,1,2,0.015310
1018,77822.000000,22178.000000,27,226325.024439,1442707307.069549,2943.560487,0.501437,0,1,2,0.014024
1019,73271.000000,26729.000000,22,225775.349346,1808612228.830141,3048.119401,0.494400,0,1,2,0.022913
1020,87005.000000,12995.000000,36,226537.832881,1770604012.925155,2427.062110,0.526079,0,1,1,0.009637
1021,74849.000000,25151.000000,25,217055.886772,1860724184.592005,2731.819862,0.530417,0,1,2,0.017962
1022,72929.000000,27071.000000,26,214679.033241,1511087827.602575,2843.399403,0.432195,0,1,1,0.020618
1023,76032.000000,23968.000000,23,228786.304499,1451722785.434588,2721.081632,0.534740,0,1,1,0.010927
1024,75029.000000,24971.000000,26,224876.262352,1297492985.306421,2762.532125,0.479386,0,1,1,0.019823
1025,74943.000000,25057.000000,27,219023.645726,2022471430.118311,2713.351205,0.410677,0,1,1,0.017161
1026,77108.000000,22892.000000,28,219807.982872,1521487767.078951,2431.763517,0.449227,0,1,3,0.016996
1027,86746.000000,13254.000000,33,229243.094956,1770547235.979316,2442.809193,0.513743,0,1,1,0.019858
1028,63006.000000,36994.000000,19,216695.071767,1476009949.562395,2883.949505,0.466871,0,1,1,0.018295
1029,71175.000000,28825.000000,21,204153.080846,1419492749.836658,2826.649975,0.501416,0,1,1,0.018721
1030,72005.000000,27995.000000,26,219589.980852,1557399857.901710,2847.969394,0.455376,0,1,2,0.017271
1031,70496.000000,29504.000000,22,224054.523819,1542491470.760593,3093.903609,0.404827,0,1,1,0.016959
1032,77317.000000,22683.000000,25,218646.891912,1874763548.407759,2822.319752,0.488494,0,1,3,0.009716
1033,76974.000000,23026.000000,26,222934.011241,1755266530.441313,2625.466165,0.428670,0,1,1,0.024862
1034,73239.000000,26761.000000,23,215275.314614,1790562905.975622,2797.689161,0.520779,0,1,1,0.015459
1035,73229.000000,26771.000000,25,204020.062213,1949337113.946126,2526.734168,0.525887,0,1,2,0.017584
1036,72602.000000,27398.000000,22,212982.790695,1563719878.392959,2639.751148,0.516433,0,1,1,0.027158
1037,98402.000000,1598.000000,49,230645.459560,2101806171.087050,2124.706591,0.451843,0,1,0,-0.000000
1038,79138.000000,20862.000000,32,220320.332044,2537473606.554839,2683.316829,0.481014,0,1,1,0.012329
1039,77211.000000,22789.000000,26,219571.442286,1787178605.344524,2458.744286,0.513085,0,1,2,0.021123
1040,61437.000000,38563.000000,18,205527.437267,2587662959.038610,3613.930011,0.433116,0,1,1,0.026707
1041,77261.000000,22739.000000,26,212593.849885,2008795243.285083,2476.623428,0.493795,0,1,1,0.009569
1042,69976.000000,30024.000000,21,215188.049118,1654173827.175953,2839.839914,0.561193,0,1,1,0.022462
1043,74980.000000,25020.000000,25,225518.101075,2001094339.100880,3266.341335,0.444696,0,1,1,0.021462
1044,67578.000000,32422.000000,25,208900.169767,2056276261.586823,2902.873546,0.419940,0,1,1,0.031653
1045,69157.000000,30843.000000,18,223230.091551,1873454640.087461,3155.525276,0.478514,0,1,1,0.029459
1046,74946.000000,25054.000000,25,215874.882745,2290118554.099780,2807.577586,0.472936,0,1,1,0.017977
1047,74154.000000,25846.000000,22,205386.324723,1829250554.996118,2684.806722,0.487094,0,1,1,0.039417
1048,75237.000000,24763.000000,26,204999.398869,1431261743.916175,2339.076368,0.754975,0,1,1,0.023811
1049,75464.000000,24536.000000,24,212443.383486,1704845333.897692,2704.715583,0.480560,0,1,1,0.012742
1050,69152.000000,30848.000000,21,210245.249951,1820611592.776786,3008.502489,0.459682,0,1,1,0.022124
1051,66349.000000,33651.000000,14,222062.443804,2151349140.638123,4277.090157,0.391656,0,1,1,0.017648
1052,63522.000000,36478.000000,17,213863.570181,1828464766.135820,2878.695776,0.514571,0,1,1,0.026798
1053,67675.000000,32325.000000,19,227682.959429,1877713817.846125,3618.417725,0.430422,0,1,1,0.009366
1054,70417.000000,29583.000000,22,226818.981220,1882820128.060206,3261.878525,0.416295,0,1,2,0.025032
1055,76872.000000,23128.000000,26,189311.866187,1190635657.315837,1975.688905,0.668714,0,1,2,0.018306
1056,67424.000000,32576.000000,21,155898.100581,633259511.811295,2303.202884,0.706254,0,1,1,0.012848
1057,89751.000000,10249.000000,41,211114.257966,2177214578.596168,1925.746507,0.594048,0,1,0,0.001972
1058,72446.000000,27554.000000,21,100484.051289,307240244.379829,1344.337782,0.944300,0,1,1,0.016958
1059,73126.000000,26874.000000,21,96085.338490,595143073.451206,1147.517468,1.001678,0,1,1,0.011001
1060,70663.000000,29337.000000,22,85417.425826,217958945.994365,1143.445909,1.249645,0,1,1,0.013833
1061,70517.000000,29483.000000,21,115724.475564,301499020.696684,1469.544554,0.703257,0,1,1,0.019470
1062,87019.000000,12981.000000,37,127793.128881,1018829253.208121,1244.433817,1.055067,0,1,1,0.010820
1063,96618.000000,3382.000000,46,161816.434511,1911054374.499331,1358.714235,1.038547,0,1,1,0.008840
1064,68571.000000,31429.000000,20,89625.872776,126573883.966415,1219.365773,0.973627,0,1,1,0.013133
1065,67903.000000,32097.000000,21,84137.312932,449857291.332685,1189.767642,1.124124,0,1,1,0.016943
1066,67325.000000,32675.000000,19,98542.813402,474079297.823744,1263.874700,0.848247,0,1,1,0.009182
1067,79755.000000,20245.000000,29,129090.199469,563929093.456602,1377.353027,1.091777,0,1,2,0.011793
1068,62872.000000,37128.000000,19,89355.212784,331222902.000239,1385.850965,1.041731,0,1,1,0.018915
1069,74368.000000,25632.000000,22,106100.824090,328518346.350280,1195.630558,0.929661,0,1,1,0.009282
1070,73218.000000,26782.000000,24,104208.223453,259613173.173243,1161.845983,0.893825,0,1,1,0.011028
1071,77493.000000,22507.000000,28,115986.716114,324772800.831503,1268.101490,1.000507,0,1,1,0.008931
1072,72498.000000,27502.000000,23,98485.676182,154192129.457435,1283.023820,0.894116,0,1,2,0.011572
1073,64639.000000,35361.000000,19,90219.140408,277452540.762648,1175.386936,0.970660,0,1,1,0.014064
1074,67152.000000,32848.000000,19,96924.054933,194851700.598216,1299.098969,0.950098,0,1,1,0.016739
1075,68594.000000,31406.000000,21,106795.295482,281709666.098360,1293.903248,1.027211,0,1,2,0.017450
1076,80232.000000,19768.000000,31,175487.694058,2024683006.205992,1799.799598,0.661542,0,1,3,0.011501
1077,92781.000000,7219.000000,42,162856.093186,2445444823.014915,1422.562130,1.031300,0,1,1,0.011279
1078,77808.000000,22192.000000,28,122772.186300,323703017.722330,1230.836550,0.939444,0,1,1,0.023941
1079,71435.000000,28565.000000,24,112285.096324,358908736.058426,1430.853178,0.997699,0,1,1,0.014035
1080,77336.000000,22664.000000,27,137982.447882,249952650.395397,1609.405743,0.746537,0,1,1,0.010501
1081,67017.000000,32983.000000,20,107219.774617,218753212.598200,1440.569965,0.910380,0,1,2,0.015931
1082,86250.000000,13750.000000,36,160848.819080,1091503008.907219,1550.422689,0.813527,0,1,1,0.029322
1083,100000.000000,1.000000,50,156952.207796,1318555794.859726,1133.907437,1.101200,0,1,1,0.009775
1084,70635.000000,29365.000000,23,108763.814783,273820718.795276,1566.746874,0.960013,0,1,1,0.012245
1085,67833.000000,32167.000000,20,104121.411553,574731724.837391,1473.404252,0.948115,0,1,2,0.014900
1086,72035.000000,27965.000000,23,118663.107481,579049345.161240,1487.069402,0.867707,0,1,1,0.018451
1087,69224.000000,30776.000000,15,100693.845806,571814008.101469,1453.412243,0.925087,0,1,2,0.010710
1088,67011.000000,32989.000000,20,106771.108625,404450218.043355,1572.804812,1.222935,0,1,2,0.020114
1089,72433.000000,27567.000000,23,140092.102110,551367256.993761,2126.984561,0.915479,0,1,1,0.011396
1090,66514.000000,33486.000000,18,99333.033815,232954200.672614,1441.208866,0.815026,0,1,1,0.018205
1091,70151.000000,29849.000000,21,111004.845438,502009371.000198,1296.618106,0.901239,0,1,1,0.013683
1092,79362.000000,20638.000000,28,138193.982468,784043519.643296,1452.093296,0.899354,0,1,2,0.017914
1093,66923.000000,33077.000000,19,98556.906401,446418284.886103,1324.973954,0.947934,0,1,2,0.012425
1094,68695.000000,31305.000000,21,116912.349531,566066889.406214,1550.692062,0.891474,0,1,2,0.008999
1095,78115.000000,21885.000000,31,103409.879800,595112960.437728,1222.988474,1.061271,0,1,2,0.015728
1096,74032.000000,25968.000000,23,129178.275555,465598611.788451,1501.070896,0.817821,0,2,1,0.013210
1097,76251.000000,23749.000000,24,127303.939380,329312812.603516,1459.420412,0.962787,0,2,2,0.010359
1098,71984.000000,28016.000000,25,123063.045615,440827758.014716,1566.140079,0.850405,0,2,1,0.015838
1099,77033.000000,22967.000000,28,139844.396684,555567777.636593,1525.990913,0.853729,0,2,2,0.012718
1100,69697.000000,30303.000000,23,110735.706244,261923148.152168,1436.860795,0.879843,2,3,2,0.015950
1101,92328.000000,7672.000000,43,168620.679493,1429899596.291992,1391.534892,0.947970,2,3,2,0.010870
1102,95569.000000,4431.000000,43,175048.691379,990302761.377058,1566.753994,0.889318,2,3,1,0.013375
1103,79225.000000,20775.000000,27,158517.699342,962372950.997363,1742.214432,0.822075,2,3,3,0.014234
1104,77583.000000,22417.000000,27,128028.841008,422168826.068437,1542.418132,0.924227,2,3,1,0.009824
1105,67503.000000,32497.000000,21,126774.619273,304306233.672637,1813.646197,0.631199,2,3,2,0.017106
1106,78316.000000,21684.000000,25,104671.391078,528798376.122361,1095.224368,1.110686,1,4,3,0.012171
1107,64877.000000,35123.000000,18,122247.000551,660962788.308456,1820.565963,0.813469,1,4,1,0.019097
1108,68243.000000,31757.000000,18,108084.783822,621533695.107341,1348.946058,0.966846,1,4,1,0.015299
1109,75542.000000,24458.000000,27,151673.958116,718428714.563266,1634.938774,0.721583,1,4,3,0.009138
1110,70763.000000,29237.000000,23,155048.464556,1134571482.526922,2160.078960,0.715824,1,4,1,0.017844
1111,86195.000000,13805.000000,40,171283.132963,1728492875.218760,1642.339511,0.751888,1,4,5,0.004124
1112,77010.000000,22990.000000,27,145391.208917,891395487.734470,1612.134044,0.851315,1,4,1,0.017089
1113,76489.000000,23511.000000,24,120083.810288,493256385.502977,1234.690622,0.893371,1,4,1,0.012894
1114,73468.000000,26532.000000,27,123963.176018,339770633.402093,1325.763782,0.879920,1,4,5,0.009632
1115,70768.000000,29232.000000,23,109418.475286,361422629.681843,1434.099575,0.905585,1,4,1,0.018382
1116,71557.000000,28443.000000,22,138523.970057,791323419.753717,1727.905078,1.073914,1,4,5,0.021111
1117,79903.000000,20097.000000,30,152423.606305,318278156.688899,1728.162134,0.829904,1,4,2,0.011475
1118,77004.000000,22996.000000,27,156345.716348,465659323.778200,1992.026354,0.813416,1,4,2,0.011243
1119,73095.000000,26905.000000,24,140247.227662,1021961047.270367,1836.197678,0.788093,1,4,1,0.013696
1120,76281.000000,23719.000000,26,151152.669967,765024781.895317,1657.108800,0.711621,1,4,1,0.013351
1121,70929.000000,29071.000000,19,122777.460193,310668582.273297,1527.955552,0.823539,1,4,4,0.014878
1122,82266.000000,17734.000000,32,169116.118212,842219900.086151,1675.355718,0.842418,1,4,1,0.019405
1123,75056.000000,24944.000000,26,166420.980131,715120370.186376,1950.084046,0.633026,1,4,1,0.025070
1124,77680.000000,22320.000000,31,180947.224777,810024761.728258,2213.102981,0.625126,1,4,4,0.018750
1125,75869.000000,24131.000000,26,157338.334186,716312723.303514,1992.332855,0.661108,1,4,1,0.011255
1126,70880.000000,29120.000000,23,154685.503683,661783516.413356,2030.237703,0.680310,1,4,5,0.012490
1127,69461.000000,30539.000000,21,121457.265495,338125125.450372,1675.857339,0.866309,1,4,3,0.016276
1128,73406.000000,26594.000000,26,142298.099815,632772073.980464,1809.779047,0.787068,1,4,1,0.015391
1129,69981.000000,30019.000000,23,150749.489708,671790226.641126,1997.260518,0.699007,1,4,1,0.037230
1130,72181.000000,27819.000000,21,161717.652531,675037081.384354,1731.771626,0.697982,1,4,2,0.020344
1131,76942.000000,23058.000000,29,162480.115013,883619011.551529,1955.690812,0.759368,1,4,1,0.017111
1132,78239.000000,21761.000000,27,176597.059207,1051267294.155581,1869.237445,0.682584,1,4,1,0.010257
1133,74363.000000,25637.000000,26,130753.385132,504365458.896585,1592.240665,0.883956,1,4,1,0.008571
1134,69278.000000,30722.000000,22,127592.887421,608909646.971597,1732.012743,0.824835,1,4,5,0.017149
1135,71794.000000,28206.000000,24,174893.146068,774304095.495255,2192.573960,0.547711,1,4,1,0.020535
1136,80856.000000,19144.000000,30,177400.546627,1084616284.611762,2036.141815,0.638605,0,4,2,0.023692
1137,67890.000000,32110.000000,22,151256.327274,423203488.975199,1976.662536,0.572141,0,4,1,0.022873
1138,74052.000000,25948.000000,22,145998.142775,652615975.611786,2022.526865,0.856342,0,4,1,0.012902
1139,72097.000000,27903.000000,25,154915.517706,700392777.513032,1779.630275,0.771502,0,4,1,0.012395
1140,77019.000000,22981.000000,25,185306.992244,1205786685.782307,2096.704398,0.692848,0,4,1,0.018199
1141,74796.000000,25204.000000,27,149295.429632,755657077.665707,1920.934245,0.872633,0,4,3,0.024213
1142,76769.000000,23231.000000,26,181393.025398,859938294.463483,2062.700048,0.645143,0,4,1,0.018756
1143,76638.000000,23362.000000,29,168794.032679,1239154640.251686,1788.711343,0.792285,0,4,1,0.014826
1144,81092.000000,18908.000000,28,150341.272625,603951403.942608,1656.188204,0.893170,0,4,1,0.015551
1145,78576.000000,21424.000000,30,171111.998451,1218007607.600135,1905.528244,0.683731,0,4,1,0.014807
1146,75246.000000,24754.000000,26,184892.633812,1461872241.447535,2433.490092,0.679738,0,4,1,0.014414
1147,74018.000000,25982.000000,28,148740.550688,664010814.540846,1967.819909,0.877731,0,4,3,0.018771
1148,79402.000000,20598.000000,27,191932.342988,1192312302.280222,2100.270700,0.597220,0,4,4,0.018673
1149,76978.000000,23022.000000,29,174988.876450,783047620.988418,2066.762973,0.680420,0,4,1,0.017143
1150,77565.000000,22435.000000,27,163054.743322,937055064.937067,1953.302203,0.679863,0,4,1,0.016393
1151,70977.000000,29023.000000,24,139216.631566,901211183.117208,1820.893183,0.784664,0,4,1,0.017126
1152,74406.000000,25594.000000,24,156056.541453,716163274.589032,2013.819303,0.663017,0,4,1,0.017931
1153,72863.000000,27137.000000,23,179643.229588,1161620487.223419,2296.378475,0.652139,0,4,1,0.016227
1154,76953.000000,23047.000000,25,156790.643786,626175743.064615,1807.145542,0.837460,0,4,4,0.018793
1155,76972.000000,23028.000000,28,180941.789125,1004599112.273447,2048.235655,0.619109,0,4,1,0.020286
1156,74219.000000,25781.000000,26,183595.741322,1529517719.507441,2091.542099,0.581044,0,4,1,0.015588
1157,76809.000000,23191.000000,30,168881.826364,849502097.121848,1955.226581,0.783014,0,4,1,0.017960
1158,74499.000000,25501.000000,23,178534.151222,1105476196.783827,2169.556678,0.680299,0,4,1,0.016215
1159,84079.000000,15921.000000,35,194640.789026,1153099917.422308,1907.480616,0.588885,0,4,3,0.020308
1160,71096.000000,28904.000000,23,152893.264470,471376026.346631,2205.385886,0.746779,0,4,1,0.015897
1161,78774.000000,21226.000000,27,176618.335547,1157286167.872001,1893.132242,0.742286,0,4,1,0.017588
1162,77855.000000,22145.000000,26,152649.450801,765936217.653394,1931.704964,0.813159,0,4,1,0.022061
1163,74372.000000,25628.000000,27,189290.967019,1013112698.139471,2201.753854,0.546324,0,4,3,0.018145
1164,69264.000000,30736.000000,23,137266.056065,495475182.715549,1752.890931,0.787143,0,4,4,0.020381
1165,75404.000000,24596.000000,25,168253.904386,1044608111.545771,1932.781333,0.684612,0,4,4,0.020192
1166,73681.000000,26319.000000,24,140547.239526,674001212.879535,1741.556320,0.970133,0,4,1,0.010669
1167,76477.000000,23523.000000,27,172077.921185,917976605.373605,1998.704137,0.736544,0,4,1,0.018950
1168,73468.000000,26532.000000,24,169098.261750,803097935.795788,1837.204592,0.642498,0,4,1,0.017641
1169,68959.000000,31041.000000,22,166436.865999,926871315.495298,2141.410937,0.656637,0,4,4,0.013333
1170,71933.000000,28067.000000,22,153820.912682,542297380.627280,1802.638764,0.718116,0,4,3,0.016392
1171,80069.000000,19931.000000,29,177757.939386,1155453768.269034,1870.765748,0.770782,0,4,1,0.014157
1172,72917.000000,27083.000000,23,185738.617940,1024136386.786201,2452.374127,0.647573,0,4,3,0.018711
1173,74682.000000,25318.000000,25,191391.881398,1238482176.721714,2278.316375,0.586601,0,4,3,0.015765
1174,69403.000000,30597.000000,25,171717.963437,955389319.282057,2214.866343,0.547487,0,4,1,0.021529
1175,73319.000000,26681.000000,23,175293.815758,851309148.230653,2219.865567,0.657783,0,4,3,0.015314
1176,77035.000000,22965.000000,28,176536.495116,972433879.598520,1939.162495,0.843343,0,4,1,0.024283
1177,66598.000000,33402.000000,19,134058.143543,275275282.307116,2064.076496,0.825445,0,4,1,0.021030
1178,91999.000000,8001.000000,41,182427.728684,1286428499.138609,1635.036809,0.899901,0,4,2,0.005287
1179,72537.000000,27463.000000,23,184017.484675,1070334873.424255,2279.391675,0.646792,0,4,3,0.017134
1180,74557.000000,25443.000000,26,175621.748411,864911017.177837,2148.881650,0.590337,0,4,1,0.024345
1181,73946.000000,26054.000000,23,163642.308307,628701749.367994,1946.088838,0.711054,0,4,3,0.015582
1182,73908.000000,26092.000000,24,169909.256127,1148937222.990578,2330.998516,0.758227,0,4,3,0.018290
1183,74252.000000,25748.000000,24,174366.364514,661746397.715773,1992.045025,0.650301,0,4,3,0.019976
1184,77671.000000,22329.000000,27,175913.313346,1038487131.432875,1773.188341,0.685111,0,4,1,0.012001
1185,83557.000000,16443.000000,34,198484.220971,1393125449.223564,2174.159812,0.727255,0,4,1,0.017134
1186,80947.000000,19053.000000,31,188053.807732,813722529.934352,1941.486933,0.659513,0,4,1,0.010432
1187,80323.000000,19677.000000,31,179134.365676,1062959473.027490,1988.387352,0.663107,0,4,3,0.020241
1188,76720.000000,23280.000000,28,183502.419713,1144955361.871627,2289.805656,0.571668,0,4,1,0.022318
1189,71408.000000,28592.000000,23,145356.246721,872254002.478164,1738.814525,0.862814,0,4,1,0.015233
1190,72508.000000,27492.000000,24,183900.921658,896596428.624648,2174.072245,0.633932,0,4,2,0.019757
1191,75335.000000,24665.000000,27,161077.216639,754596317.611206,1922.043062,0.693857,0,4,1,0.019396
1192,69015.000000,30985.000000,20,182805.861704,1138307859.288882,2367.051237,0.545157,0,4,1,0.013952
1193,79666.000000,20334.000000,27,177212.454263,1161475868.691063,2067.513923,0.730131,0,4,3,0.017164
1194,79262.000000,20738.000000,30,213411.115377,1615175747.708050,2364.569303,0.550863,0,4,1,0.030913
1195,69827.000000,30173.000000,20,200440.458599,1764529206.344373,2543.752574,0.505610,0,4,1,0.015286
1196,79125.000000,20875.000000,27,214322.738374,1571686167.104637,2926.858249,0.522050,0,4,3,0.015804
1197,77015.000000,22985.000000,23,224905.752658,1453643400.862623,2786.888157,0.480115,0,4,1,0.015562
1198,74922.000000,25078.000000,27,211520.548603,1658262044.027574,2519.028092,0.494678,0,4,1,0.020306
1199,78796.000000,21204.000000,29,210365.808466,1564971444.080173,2521.789012,0.583660,0,4,1,0.017927
1200,65445.000000,34555.000000,20,203911.605297,1325478336.748606,2732.172795,0.471747,0,4,1,0.015766
1201,67789.000000,32211.000000,22,215612.039564,1496306347.013655,3110.803344,0.406705,0,4,1,0.019322
1202,73592.000000,26408.000000,23,215351.229434,1470183547.648273,2477.512168,0.508416,0,4,1,0.017616
1203,70774.000000,29226.000000,25,201118.872972,1640564487.053144,2751.296303,0.592018,0,4,1,0.015235
1204,90778.000000,9222.000000,42,208027.264894,1418817663.893609,1911.053253,0.642073,0,4,1,0.013742
1205,94003.000000,5997.000000,44,213601.523192,1941926702.480350,1813.552554,0.745835,0,4,1,0.013987
1206,75623.000000,24377.000000,25,187787.460827,990501620.800810,2277.383012,0.646234,0,4,1,0.020405
1207,81744.000000,18256.000000,33,201110.366639,1081343253.282281,1949.075163,0.618618,0,4,2,0.018967
1208,91948.000000,8052.000000,40,216483.580217,1829547751.672541,2129.517014,0.619379,0,4,1,0.008383
1209,72051.000000,27949.000000,24,183989.440141,1599395505.102858,2356.891586,0.622697,0,4,1,0.015142
1210,81233.000000,18767.000000,30,197358.879249,1451755758.377666,2066.218722,0.645536,0,4,1,0.009989
1211,75697.000000,24303.000000,28,175764.265773,1354655412.196102,1939.163566,0.627057,0,4,1,0.012843
1212,73928.000000,26072.000000,25,142541.377758,907252521.190771,1761.664218,0.810842,0,4,1,0.012792
1213,67579.000000,32421.000000,20,184287.605432,832058414.772228,2559.796228,0.584131,0,4,1,0.015002
1214,77646.000000,22354.000000,27,187181.353195,1251270333.126473,2473.028848,0.620847,0,4,1,0.015865
1215,68768.000000,31232.000000,24,161831.629567,696448604.736376,2295.320901,0.666945,0,4,1,0.011441
1216,78082.000000,21918.000000,28,171481.885210,1001260509.172557,2058.662326,0.783770,0,4,1,0.017348
1217,76281.000000,23719.000000,26,209218.841280,1350377963.961459,2336.586430,0.609100,0,4,1,0.024640
1218,71521.000000,28479.000000,23,171630.092532,971124968.458946,2029.196428,0.644333,0,4,4,0.010770
1219,71229.000000,28771.000000,23,163089.576638,1034996436.657618,2045.664942,0.639970,0,4,1,0.016470
1220,75735.000000,24265.000000,28,208190.051746,1617319097.103399,2778.323113,0.452851,0,4,1,0.022937
1221,77892.000000,22108.000000,28,176042.971191,889528394.480115,2079.978743,0.673208,0,4,1,0.010710
1222,77308.000000,22692.000000,29,197692.828244,1736939865.036516,2145.471058,0.643033,0,4,1,0.012967
1223,77340.000000,22660.000000,27,186808.992784,1365689564.503060,2223.934731,0.616583,0,4,1,0.022460
1224,80928.000000,19072.000000,29,198140.106701,1778411878.544189,1999.440185,0.676987,0,4,1,0.014036
1225,90859.000000,9141.000000,42,211297.410849,1913614427.325966,2080.814541,0.568396,0,4,1,0.019707
1226,65829.000000,34171.000000,21,163931.690761,897745843.063767,2502.033515,0.590921,0,4,1,0.020296
1227,71867.000000,28133.000000,22,183232.496821,987196901.678860,2258.127267,0.507635,0,4,1,0.018546
1228,66790.000000,33210.000000,20,168371.603800,1785026164.249292,2380.500636,0.630395,0,4,1,0.021744
1229,77262.000000,22738.000000,24,168025.757284,1153989003.794044,1839.536570,0.849737,0,4,1,0.022829
1230,75012.000000,24988.000000,26,195496.377542,1344060157.261589,2288.502213,0.601242,0,4,1,0.020541
1231,74600.000000,25400.000000,24,195420.138203,1485655678.529491,2186.274699,0.530796,0,4,1,0.021328
1232,77433.000000,22567.000000,26,186930.338192,1382477869.829588,2100.831079,0.666770,0,4,1,0.012425
1233,77565.000000,22435.000000,29,203171.855809,1307009996.446792,2396.546329,0.581886,0,4,1,0.027197
1234,75743.000000,24257.000000,29,186350.201367,977733681.287656,1919.839328,0.595034,0,4,1,0.012563
1235,77612.000000,22388.000000,27,197240.197178,1691544867.592414,2319.823801,0.607166,0,4,1,0.016343
1236,77801.000000,22199.000000,27,207775.226497,2061794691.096504,2490.463326,0.583402,0,4,1,0.019988
1237,81045.000000,18955.000000,29,208478.253633,1402775892.259667,2257.067017,0.495717,0,4,1,0.012825
1238,72958.000000,27042.000000,25,186488.327534,1329996951.147834,2342.396478,0.542297,0,4,1,0.011195
1239,68846.000000,31154.000000,22,188810.672171,1056427814.405979,2487.715176,0.595878,0,4,1,0.018127
1240,80266.000000,19734.000000,31,210550.564241,1232449273.515929,2473.586060,0.549999,0,4,1,0.013213
1241,77386.000000,22614.000000,27,192900.749496,1544104555.387321,2440.451668,0.727235,0,4,1,0.018890
1242,79680.000000,20320.000000,29,188823.039369,973423144.333538,2185.655015,0.646734,0,4,1,0.013047
1243,73150.000000,26850.000000,25,169051.327286,1392762067.255069,2182.593379,0.646012,0,4,1,0.023043
1244,70178.000000,29822.000000,23,187862.177165,1593940246.504986,2696.499830,0.454513,0,4,2,0.022859
1245,69228.000000,30772.000000,19,168957.229278,756482802.580365,2679.377928,0.652705,0,4,1,0.010102
1246,73531.000000,26469.000000,27,180036.863498,1526928582.920307,1992.327205,0.674884,0,4,1,0.021148
1247,71882.000000,28118.000000,25,199911.201510,1192272690.987489,2544.275038,0.632964,0,4,1,0.011261
1248,68875.000000,31125.000000,22,193592.933091,1128862343.118343,2531.762812,0.513196,0,4,1,0.016874
1249,80298.000000,19702.000000,32,210564.060093,1292800373.149832,2414.582010,0.545928,0,4,1,0.013462
1250,77621.000000,22379.000000,29,184179.088028,1275930179.739383,1944.337123,0.611178,0,4,1,0.024035
