generation,prey_fitness,predator_fitness,num_alive_end,avg_bb_size,var_bb_size,avg_shortest_dist,swarm_density_count,prey_neurons_connected_prey_retina,prey_neurons_connected_predator_retina,predator_neurons_connected_prey_retina,mutual_info
1,70591.000000,29409.000000,19,62581.462430,49438124.939104,1207.746684,0.448553,3,3,1,0.004351
1,89580.000000,10420.000000,39,69440.441854,3488492.332940,991.920811,0.541460,3,3,1,0.005312
2,67869.000000,32131.000000,17,63919.365302,11315503.198879,1650.622356,0.443092,3,3,1,0.004090
3,66923.000000,33077.000000,25,65481.935559,2807691.520944,1272.275450,0.458186,3,3,1,0.004155
4,75291.000000,24709.000000,26,62616.685679,7806230.016873,1097.161876,0.564918,3,3,1,0.004581
5,72907.000000,27093.000000,27,62240.675284,11752326.757451,1023.635926,0.566469,3,3,1,0.003727
6,69315.000000,30685.000000,22,59527.632308,20153295.260312,1193.292954,0.427793,3,3,1,0.004721
7,67023.000000,32977.000000,19,60432.918475,17828749.352181,1180.956316,0.449086,3,3,1,0.005978
8,82649.000000,17351.000000,35,236752.130442,1595061198.519683,2566.366502,0.691228,3,3,1,0.009451
9,84535.000000,15465.000000,37,234966.165565,1706294998.602669,2565.025942,0.525737,3,3,1,0.007843
10,80310.000000,19690.000000,32,234334.497385,1818029981.874788,2799.014841,0.420817,3,3,1,0.009299
11,81841.000000,18159.000000,37,232825.200856,2002991608.483402,2761.919777,0.597376,3,3,1,0.008527
12,96148.000000,3852.000000,43,234918.911227,1769694282.581321,2222.042065,0.516044,3,3,1,0.010489
13,73174.000000,26826.000000,28,232170.290625,1932687834.651880,2924.688397,0.408285,3,3,1,0.008901
14,83662.000000,16338.000000,34,232754.294823,1645156519.533038,2633.354322,0.434154,3,3,1,0.011557
15,80791.000000,19209.000000,32,150892.773115,1341231169.952381,1818.771709,0.689317,5,4,3,0.016294
16,83124.000000,16876.000000,38,235371.792529,1698934379.665017,2196.221701,0.599024,3,3,2,0.006789
17,91558.000000,8442.000000,40,230750.119423,2075249445.460782,2137.440479,0.669447,3,3,1,0.008657
18,93987.000000,6013.000000,43,233773.426985,1727728773.540727,2076.787155,0.684703,3,3,1,0.008941
19,83529.000000,16471.000000,35,224844.470433,2241737728.241606,2149.285714,0.566681,1,3,1,0.007391
20,93062.000000,6938.000000,41,228575.357857,1997898774.483994,1975.399988,0.592565,1,3,1,0.011373
21,86759.000000,13241.000000,35,229408.698611,2205226231.925461,2364.473686,0.575017,1,3,1,0.012066
22,91282.000000,8718.000000,40,231413.763955,1831093661.724584,1989.399102,0.591949,1,3,1,0.008408
23,87268.000000,12732.000000,36,225480.821767,2195991876.708319,2367.978307,0.562326,1,3,1,0.010881
24,79767.000000,20233.000000,33,225147.524199,1913481539.926062,2246.571064,0.563831,1,3,1,0.011693
25,86346.000000,13654.000000,37,218488.911871,2148052446.749469,2185.651733,0.649005,1,3,1,0.009752
26,83000.000000,17000.000000,36,225889.464233,2322357818.382180,2334.854842,0.529093,1,3,1,0.009339
27,82587.000000,17413.000000,36,222975.832681,2490082226.171553,1924.055205,0.539754,1,3,1,0.010703
28,88354.000000,11646.000000,37,229765.413923,2144047148.029856,2249.255208,0.647811,1,3,1,0.010532
29,79809.000000,20191.000000,33,212091.543146,2458865559.295405,2393.557093,0.601647,1,3,1,0.015954
30,89951.000000,10049.000000,41,229748.915311,2226797221.664129,2084.264896,0.640731,1,3,2,0.005862
31,89704.000000,10296.000000,39,224118.936210,2095945244.721660,1995.925200,0.603911,1,3,2,0.010446
32,96433.000000,3567.000000,47,229765.374021,2336636350.803972,1934.832601,0.667517,2,3,2,0.001760
33,92561.000000,7439.000000,42,231073.276953,1974470720.672996,2200.164499,0.676823,2,3,2,0.007069
34,87255.000000,12745.000000,35,233643.278344,1941819923.334474,2665.519892,0.514289,2,3,1,0.010737
35,86257.000000,13743.000000,33,233470.903204,1781057067.840883,2551.900883,0.528013,2,3,1,0.007228
36,79898.000000,20102.000000,35,115790.085607,458652485.906070,1220.421754,1.039346,2,3,1,0.007902
37,79143.000000,20857.000000,32,96351.245180,106678410.041449,1152.829056,1.065129,2,3,1,0.006232
38,77764.000000,22236.000000,29,105679.569337,372789446.658803,1330.451179,1.006406,2,3,1,0.004309
39,85957.000000,14043.000000,32,105834.402678,213116205.355853,978.008612,1.032567,2,3,1,0.005087
40,79315.000000,20685.000000,27,94070.818108,181472771.247789,1039.844817,1.257037,2,3,1,0.008024
41,76546.000000,23454.000000,27,97895.263337,125376012.847872,1185.297648,0.954923,2,3,1,0.006321
42,80295.000000,19705.000000,30,101023.240248,248827060.777361,1156.817142,1.040021,2,3,1,0.010645
43,84054.000000,15946.000000,34,122722.328009,903062352.926565,1063.178709,1.165711,2,3,1,0.006988
44,85379.000000,14621.000000,37,109693.063505,476787575.742401,1073.090567,1.039460,2,3,1,0.007465
45,80807.000000,19193.000000,31,108000.409352,168414503.420711,1045.081589,0.966345,2,3,1,0.009735
46,87018.000000,12982.000000,35,119476.479339,298862603.272798,1220.355747,1.074553,2,3,1,0.006059
47,99114.000000,886.000000,48,131355.865138,712172502.852425,1097.302370,0.846388,2,3,0,-0.000000
48,83305.000000,16695.000000,35,125254.594042,531377835.402364,1347.126179,0.873516,2,3,5,0.006482
49,81559.000000,18441.000000,31,111132.099398,193553285.415893,1123.774786,0.918254,2,3,1,0.006790
50,88066.000000,11934.000000,40,133733.685007,1084976035.496579,1159.513800,0.993688,2,3,4,0.007289
51,77083.000000,22917.000000,30,90191.216739,126821790.434610,1001.039508,1.135557,2,3,1,0.007520
52,77166.000000,22834.000000,29,89806.327821,81076163.367783,1054.395468,1.017470,2,3,1,0.005519
53,89749.000000,10251.000000,39,126486.861726,457713508.362878,1292.425122,0.993740,2,3,2,0.004853
54,77576.000000,22424.000000,27,88982.021024,92761464.438339,990.106765,1.075044,2,3,1,0.008286
55,75376.000000,24624.000000,29,89154.447904,109812000.450310,981.602500,1.051638,2,3,1,0.009130
56,76562.000000,23438.000000,26,89255.602338,120309299.844262,954.393584,1.065643,2,3,1,0.007174
57,84474.000000,15526.000000,32,215262.896549,1755959540.482846,2204.715235,0.561401,2,3,1,0.017581
58,80091.000000,19909.000000,31,219130.551206,1930981927.831087,2393.678508,0.593895,2,3,1,0.023657
59,78827.000000,21173.000000,29,221539.420132,1413341331.468031,2693.941593,0.556540,2,3,1,0.028743
60,79272.000000,20728.000000,30,211142.417093,2057292716.732665,2407.711006,0.586594,2,3,1,0.042895
61,97257.000000,2743.000000,48,220826.166580,2410734627.903319,1873.990330,0.622951,2,3,1,0.003394
62,82465.000000,17535.000000,31,219349.790183,1758987552.358010,2341.387965,0.587685,2,3,1,0.013944
63,69336.000000,30664.000000,23,218174.802281,2082936767.848714,3440.660653,0.408494,2,3,1,0.016542
64,75875.000000,24125.000000,29,225844.101483,2076075683.105535,2726.716479,0.447446,2,3,4,0.019815
65,83607.000000,16393.000000,33,223679.992884,2025330368.647724,2318.211321,0.533196,2,3,1,0.030912
66,76499.000000,23501.000000,30,217760.077390,2023308896.887046,2570.903763,0.524214,2,3,1,0.020990
67,84632.000000,15368.000000,33,227560.626971,1974581646.420200,2228.822582,0.462400,2,3,1,0.015181
68,76187.000000,23813.000000,29,220799.696693,1706650346.023926,2504.521201,0.586926,2,3,2,0.024246
69,71035.000000,28965.000000,21,211534.269062,1808561394.073144,2668.452901,0.535833,2,3,1,0.032179
70,73982.000000,26018.000000,27,227080.570575,2209893937.356549,2597.044812,0.490751,2,3,4,0.022999
71,84229.000000,15771.000000,35,221526.876114,1999317422.324630,2331.633245,0.578201,2,3,4,0.015658
72,82092.000000,17908.000000,33,215898.412750,1836238149.675798,2154.473988,0.725162,2,3,1,0.019945
73,77124.000000,22876.000000,29,214735.611527,2187566991.457158,2624.672427,0.507633,2,3,1,0.024133
74,76254.000000,23746.000000,25,220627.691016,1549807264.681501,2667.419870,0.553261,2,3,1,0.019473
75,80645.000000,19355.000000,30,216684.341046,1937612515.769155,2308.882294,0.590007,2,3,1,0.033224
76,84006.000000,15994.000000,31,224595.586880,1942352890.035851,2311.809799,0.519662,2,3,1,0.017495
77,76539.000000,23461.000000,29,224154.957070,1689913950.557889,2813.872076,0.392774,2,3,1,0.016838
78,85493.000000,14507.000000,34,221798.040465,2075597762.738709,2067.137862,0.545768,2,3,1,0.022450
79,78609.000000,21391.000000,29,227186.574579,1532797831.765015,2531.971432,0.529617,2,3,1,0.020337
80,77668.000000,22332.000000,29,220906.091955,1411916136.355545,2595.622283,0.476019,2,3,1,0.012775
81,94430.000000,5570.000000,44,223636.925433,1869278604.065960,2057.358695,0.670731,2,3,0,-0.000000
82,74210.000000,25790.000000,30,185817.412104,1582822502.825292,2300.569651,0.566256,2,3,1,0.026274
83,81076.000000,18924.000000,34,210489.986889,1934324395.565351,2223.940693,0.546470,2,3,3,0.019038
84,84894.000000,15106.000000,34,190030.855615,1370950682.777122,1876.588544,0.666406,2,3,1,0.020316
85,80865.000000,19135.000000,31,189717.317496,1764462822.527006,2387.150938,0.728885,2,3,1,0.014530
86,77318.000000,22682.000000,29,198435.140034,1395436679.015008,2551.194639,0.528892,2,3,1,0.015180
87,76985.000000,23015.000000,29,204540.005923,1523480825.519071,2527.495647,0.666080,2,3,1,0.021424
88,80178.000000,19822.000000,32,202315.274253,1771259596.503325,2427.967407,0.597786,2,3,1,0.014397
89,77864.000000,22136.000000,31,185981.961102,1510308098.105695,2325.792201,0.638166,2,3,1,0.023934
90,79382.000000,20618.000000,30,186625.978402,1269998202.191211,2130.721132,0.706399,2,3,1,0.023574
91,75768.000000,24232.000000,28,203971.767957,1294039143.121811,2427.593765,0.496573,2,3,1,0.016866
92,74510.000000,25490.000000,30,201710.419125,1510815787.611146,2542.499762,0.498888,2,3,1,0.013420
93,84124.000000,15876.000000,35,210381.204268,1180844474.628270,2314.825602,0.595994,2,3,1,0.026547
94,77653.000000,22347.000000,29,169876.308063,1211193332.660234,2241.692776,0.648781,2,3,1,0.014776
95,90058.000000,9942.000000,40,208815.932264,1405069042.030275,1862.904678,0.616633,2,3,1,0.009909
96,89386.000000,10614.000000,38,206030.733289,1827680942.363158,1878.367731,0.670354,2,3,1,0.005190
97,76730.000000,23270.000000,30,190136.608409,1404247429.737865,2415.019413,0.696428,2,3,1,0.019431
98,94919.000000,5081.000000,45,226448.217467,2007518926.003973,2235.401841,0.478620,2,3,1,0.007979
99,79799.000000,20201.000000,30,198483.845805,1287927877.174635,2569.129581,0.545961,2,3,1,0.013972
100,82710.000000,17290.000000,32,197763.425471,1106155887.980069,1902.937485,0.711290,2,3,1,0.017235
101,81201.000000,18799.000000,33,197751.035995,1577246331.283942,2045.373902,0.590906,2,3,1,0.020049
102,76487.000000,23513.000000,28,198971.624862,1366854782.849887,2778.146394,0.638923,2,3,1,0.021033
103,76185.000000,23815.000000,27,198377.197427,1102324914.299306,2461.557324,0.497215,2,3,1,0.014626
104,81816.000000,18184.000000,33,194254.728752,1567017968.485727,1892.786816,0.766072,2,3,1,0.019395
105,82022.000000,17978.000000,31,175531.768854,1485333386.978199,1908.929923,0.758817,2,3,1,0.016495
106,82602.000000,17398.000000,35,196139.650092,1315150875.423380,2133.769143,0.580844,2,3,1,0.022195
107,76984.000000,23016.000000,28,186229.586340,1311371147.733661,2420.659263,0.702503,2,3,1,0.036025
108,77389.000000,22611.000000,27,189068.260524,1245223048.561221,2429.331260,0.757092,2,3,1,0.023727
109,81241.000000,18759.000000,30,215143.419123,1255430486.913711,2355.563047,0.480047,2,3,1,0.024583
110,95716.000000,4284.000000,47,208596.191056,1330337170.766330,1895.798369,0.600643,2,2,1,0.009075
111,93527.000000,6473.000000,44,217513.391448,1698466841.013039,1971.209344,0.537470,2,2,1,0.005330
112,82594.000000,17406.000000,30,188095.516586,1151994607.433614,2228.822491,0.696181,2,2,1,0.037153
113,99197.000000,803.000000,49,208761.914599,1923588912.355037,1879.440313,0.695021,2,2,0,0.000000
114,83683.000000,16317.000000,36,193554.645388,1314081287.275542,1888.316495,0.679340,2,2,1,0.013464
115,85114.000000,14886.000000,37,198148.068748,1703678066.086126,2042.869319,0.723333,2,2,1,0.030081
116,80841.000000,19159.000000,31,209998.617116,1461635444.023430,2059.965292,0.575234,2,2,1,0.029617
117,81578.000000,18422.000000,34,203359.161240,1367748492.310319,2368.897491,0.591355,2,2,1,0.024232
118,81232.000000,18768.000000,32,188515.485401,960563539.377558,2000.624870,0.713335,2,2,1,0.018361
119,82220.000000,17780.000000,36,192135.935099,1459735125.061777,2033.348243,0.680440,2,2,1,0.018847
120,85486.000000,14514.000000,36,188827.379658,1275938660.798801,2085.526970,0.743715,2,2,1,0.014059
121,80813.000000,19187.000000,32,199878.305275,1604680790.124284,2123.167114,0.702697,2,2,1,0.011786
122,76229.000000,23771.000000,30,201048.916750,1387963246.002938,2544.598908,0.653628,2,2,1,0.014595
123,86560.000000,13440.000000,36,207492.906570,1624937745.966830,1990.569503,0.827852,2,2,1,0.014179
124,78169.000000,21831.000000,30,174397.300177,1455881160.459390,1929.991144,0.667568,2,2,2,0.010314
125,74309.000000,25691.000000,25,195276.977877,942343523.934063,2887.550706,0.545849,2,2,1,0.025304
126,86088.000000,13912.000000,35,198591.575069,1560405415.656859,2178.773875,0.690577,2,2,1,0.014262
127,82798.000000,17202.000000,34,209935.360075,1744261172.682427,2454.048814,0.528488,2,2,2,0.020263
128,78385.000000,21615.000000,26,179271.871772,1120789157.428086,2017.692746,0.804656,2,2,1,0.016100
129,74368.000000,25632.000000,26,192539.896701,1336254568.086397,2329.651634,0.542288,2,2,1,0.030034
130,85907.000000,14093.000000,36,201327.513058,1802084532.321794,2157.682894,0.702628,2,2,1,0.015216
131,88762.000000,11238.000000,38,203461.573487,1635346321.050280,2078.187135,0.717801,2,2,2,0.013350
132,83051.000000,16949.000000,30,191844.930531,1510228497.017664,2232.005083,0.692651,2,2,2,0.015385
133,81086.000000,18914.000000,32,168511.762181,1186838857.292201,1866.964638,0.804256,2,2,1,0.013136
134,78008.000000,21992.000000,30,186351.771834,1356466252.439919,2135.183959,0.601141,2,2,1,0.013626
135,76217.000000,23783.000000,25,177998.735094,806310516.089746,2258.432192,0.611124,2,2,1,0.023331
136,79800.000000,20200.000000,33,196454.404235,1207238568.669368,2199.482617,0.633832,2,2,1,0.019165
137,82142.000000,17858.000000,34,189788.151827,1156616517.979356,1909.030928,0.603880,2,2,1,0.014825
138,80657.000000,19343.000000,32,193840.142748,1342768288.558733,2127.432930,0.654921,2,2,1,0.018765
139,80454.000000,19546.000000,33,170856.960815,1087726354.139090,1993.956760,0.780308,2,2,1,0.016734
140,75828.000000,24172.000000,27,196527.728800,1435840981.103335,2652.931415,0.631607,2,2,1,0.019864
141,76261.000000,23739.000000,28,193640.516148,1439615646.072874,2351.551183,0.571062,2,2,1,0.040913
142,77108.000000,22892.000000,27,184991.438616,1091187249.573435,2273.970838,0.569946,2,2,1,0.016477
143,79457.000000,20543.000000,31,212087.579946,1427377994.148299,2708.495306,0.561735,2,2,1,0.011620
144,82090.000000,17910.000000,31,190109.743927,1197452766.089020,2064.754584,0.620988,2,2,1,0.013857
145,85442.000000,14558.000000,36,211559.776781,1271234876.856732,2475.564305,0.675692,2,2,2,0.012080
146,86055.000000,13945.000000,35,186490.913342,1348134495.923350,1879.133401,0.874441,2,2,1,0.013996
147,96360.000000,3640.000000,47,212884.706732,1830280290.876984,2041.802083,0.661926,2,2,1,0.003819
148,79345.000000,20655.000000,31,192179.324150,1030668978.352427,1957.695939,0.740465,2,2,1,0.020209
149,73209.000000,26791.000000,27,195902.057206,1888084706.053255,2418.077801,0.549496,2,2,1,0.025265
150,76632.000000,23368.000000,26,172806.690753,1130182193.900088,2073.450343,0.748425,2,2,1,0.015519
151,80035.000000,19965.000000,29,181010.270386,1374095374.150776,2023.075576,0.988289,2,2,1,0.025504
152,83448.000000,16552.000000,34,196558.874694,1262889996.104136,1857.054502,0.659554,2,2,1,0.022705
153,80959.000000,19041.000000,31,184712.324135,1524871217.894784,2118.849545,0.732410,2,2,1,0.012623
154,85115.000000,14885.000000,34,192897.135086,1232694090.888067,1929.811091,0.679310,2,2,2,0.013826
155,89742.000000,10258.000000,40,198529.960776,1242613128.917247,1907.848758,0.824722,2,2,1,0.020844
156,83527.000000,16473.000000,35,183359.167023,1173749248.407362,1854.542765,0.764211,2,2,1,0.021672
157,75801.000000,24199.000000,26,192817.287257,1398563818.473249,2232.357198,0.667925,2,2,1,0.016004
158,80957.000000,19043.000000,33,183491.759281,1409928792.704676,2302.585936,0.712421,2,2,1,0.021977
159,76767.000000,23233.000000,26,165403.408170,1043358092.278456,1691.375490,0.874097,2,2,1,0.013132
160,72600.000000,27400.000000,29,192055.410817,1495766067.238042,2619.402881,0.591499,2,2,1,0.020862
161,83266.000000,16734.000000,33,198182.816936,1693839987.397428,2044.682106,0.838803,2,2,1,0.015169
162,79855.000000,20145.000000,31,197207.634430,1591804017.061123,2011.264980,0.594427,2,2,1,0.025873
163,82883.000000,17117.000000,34,203234.117672,1674045190.403530,2163.783247,0.592898,2,2,1,0.012951
164,79932.000000,20068.000000,31,211245.324001,1782213815.021988,2508.782171,0.659147,2,2,1,0.021932
165,78479.000000,21521.000000,31,196544.351897,1347212886.027375,2286.748491,0.521226,2,2,1,0.022767
166,99209.000000,791.000000,49,208066.058002,1594241402.623306,1852.719834,0.746269,2,2,0,0.000000
167,81979.000000,18021.000000,32,210993.847323,1335711568.363726,2255.278922,0.600231,2,2,3,0.014090
168,75989.000000,24011.000000,29,199995.194783,1896950932.263422,2334.908480,0.670218,2,2,3,0.018552
169,77440.000000,22560.000000,29,155433.332440,521213253.944103,1930.535693,0.690321,2,2,1,0.014304
170,79282.000000,20718.000000,30,176338.752848,923325619.164537,1955.465252,0.807539,2,3,1,0.014811
171,80300.000000,19700.000000,31,187793.955658,1089538825.167395,1918.466306,0.869634,2,3,1,0.012677
172,96272.000000,3728.000000,46,199220.961955,2009969359.818096,1575.544226,0.833030,2,3,3,0.010891
173,98932.000000,1068.000000,49,211438.144649,1591203634.688843,1763.516794,0.748241,2,3,1,0.017586
174,86328.000000,13672.000000,34,198080.843893,1302449145.996879,1844.743239,0.739258,2,3,1,0.010706
175,77661.000000,22339.000000,25,186371.158492,1863595862.436599,1980.940483,0.797149,3,3,1,0.017648
176,81123.000000,18877.000000,32,175264.478156,732071519.642654,1907.061598,0.904880,3,3,1,0.014557
177,78957.000000,21043.000000,28,159837.852256,1082343906.234564,1590.147721,0.923250,3,3,3,0.009898
178,94276.000000,5724.000000,43,211687.806696,1208038131.759819,1560.991504,0.817576,3,3,1,0.002221
179,84748.000000,15252.000000,35,180697.516726,1300836234.578468,1664.856532,0.913966,3,3,3,0.021768
180,73541.000000,26459.000000,25,178212.591694,1179763111.517887,2201.805946,0.893492,3,3,3,0.032141
181,86963.000000,13037.000000,35,206882.247403,1472567749.209801,1949.030147,0.784857,3,3,1,0.016731
182,79914.000000,20086.000000,27,198531.213040,1575494076.860352,1957.752747,0.654961,3,3,3,0.016518
183,83330.000000,16670.000000,34,182933.093507,1645339870.266353,1975.938005,0.895005,3,3,3,0.014291
184,83598.000000,16402.000000,32,192630.123659,1314366970.748671,2382.693370,0.816367,3,3,1,0.014603
185,71910.000000,28090.000000,25,183447.940650,1215623888.016012,2403.653919,0.749446,3,3,1,0.014455
186,80948.000000,19052.000000,29,176785.162511,1348116167.824115,2023.903869,0.762880,2,2,1,0.012185
187,88317.000000,11683.000000,39,195440.766059,1600660276.595580,1755.087859,0.901482,2,2,3,0.013256
188,72164.000000,27836.000000,25,185032.443266,1413156841.783600,2183.028000,0.673674,2,2,1,0.025452
189,83613.000000,16387.000000,35,191315.770775,1224033098.806451,1748.667384,0.914998,2,2,1,0.018797
190,79886.000000,20114.000000,32,204924.803436,1450534025.689748,1874.915385,0.738439,2,1,3,0.020158
191,78635.000000,21365.000000,32,199740.940253,1226055078.960976,2013.182754,0.644791,2,1,1,0.019151
192,76946.000000,23054.000000,26,196828.906905,1126407119.842722,2183.446137,0.683050,2,1,3,0.016089
193,83232.000000,16768.000000,34,208177.279451,1504216876.155638,2303.883213,0.694045,2,1,3,0.015211
194,71501.000000,28499.000000,24,206466.233495,1848480386.427831,2357.722766,0.629605,2,1,3,0.011484
195,93395.000000,6605.000000,44,197214.609205,1303223492.198605,1693.739373,0.881579,2,1,3,0.003170
196,82392.000000,17608.000000,35,190852.406400,1296277448.339379,2164.531579,0.982956,2,1,1,0.016838
197,74837.000000,25163.000000,27,200960.503214,1250029838.330088,2541.511493,0.607785,2,1,1,0.033324
198,79934.000000,20066.000000,30,188837.807834,1004046995.554535,2516.499137,0.856771,2,1,1,0.011482
199,75351.000000,24649.000000,26,224888.509237,1894025466.868796,3222.018802,0.509200,2,1,1,0.027082
200,75884.000000,24116.000000,31,221794.365454,1743810222.944674,2972.199555,0.470522,2,1,3,0.028333
201,75814.000000,24186.000000,25,224179.727132,2163786802.726493,3367.700472,0.444695,2,1,3,0.016601
202,74893.000000,25107.000000,26,228484.097029,1594716107.091448,2878.932610,0.422813,2,1,3,0.026091
203,82324.000000,17676.000000,32,229465.650185,1946007646.017527,2551.908398,0.511170,2,1,3,0.026099
204,78300.000000,21700.000000,29,174454.755626,926732392.487736,2064.146994,0.871634,2,1,3,0.019983
205,74482.000000,25518.000000,27,201070.209707,1176952388.748765,2156.396669,0.595132,2,1,3,0.043832
206,81636.000000,18364.000000,33,196122.996787,1343204521.981541,2238.559524,0.685792,2,1,3,0.017849
207,71738.000000,28262.000000,26,216503.252898,1493051462.079413,2331.851421,0.498708,2,1,3,0.016852
208,83702.000000,16298.000000,38,192448.988990,1773649497.323223,1941.078320,0.779996,2,1,3,0.027174
209,83336.000000,16664.000000,31,212528.169607,1454375326.890870,2212.016214,0.699443,2,1,3,0.015400
210,74885.000000,25115.000000,27,192524.228047,1470322503.855759,2271.849394,0.603599,2,1,4,0.025304
211,74814.000000,25186.000000,25,182625.121798,1281486627.304996,2481.795362,0.915194,2,1,3,0.019255
212,83137.000000,16863.000000,30,209033.101484,1738298142.521628,2062.241369,0.759174,2,1,3,0.023113
213,74407.000000,25593.000000,26,191670.413188,1042276549.585733,2603.147391,0.699900,2,1,3,0.017449
214,77754.000000,22246.000000,27,175432.156772,1173296549.862542,2010.354072,0.912265,2,1,1,0.012478
215,98053.000000,1947.000000,49,201702.982623,1917960458.844768,1566.312849,0.873788,2,1,1,0.003242
216,83378.000000,16622.000000,37,188897.860054,1222297367.643044,1859.370606,0.935957,2,1,1,0.013101
217,80060.000000,19940.000000,30,184659.529330,1636541848.312536,1895.110609,0.777790,2,1,3,0.019022
218,76251.000000,23749.000000,25,172057.608864,1964546932.809963,2078.549548,0.904120,2,1,3,0.017525
219,79197.000000,20803.000000,30,172392.293398,1063174251.768147,1753.454310,0.895692,2,1,3,0.019131
220,81752.000000,18248.000000,30,167388.207605,811218417.319849,1679.810183,1.112847,2,1,1,0.018854
221,77243.000000,22757.000000,27,113160.024675,916929324.851963,1275.347800,1.304116,2,1,3,0.012871
222,75830.000000,24170.000000,29,106452.742903,388334620.884065,1171.086868,1.455633,2,1,1,0.016665
223,80063.000000,19937.000000,33,174072.639768,1940619764.807929,1837.974000,1.235715,2,1,4,0.027546
224,82859.000000,17141.000000,33,138053.954595,377198553.152854,1367.691414,1.344349,2,1,1,0.010819
225,73828.000000,26172.000000,28,157541.721614,836080685.628968,1631.474830,0.980608,2,1,3,0.017752
226,80667.000000,19333.000000,32,148779.541543,394179170.461917,1456.652851,1.005940,2,1,1,0.018806
227,100000.000000,1.000000,50,162198.475359,871686122.319695,1468.134869,1.568940,2,1,1,0.007206
228,77949.000000,22051.000000,28,159249.974759,1060322149.640275,1485.826376,1.048445,2,1,1,0.020182
229,76716.000000,23284.000000,26,135155.847158,559815047.214196,1481.940330,1.233470,2,1,1,0.016781
230,76372.000000,23628.000000,28,142748.937083,518473178.421205,1300.530797,1.287833,2,1,1,0.014108
231,80421.000000,19579.000000,29,114399.858276,415217590.179842,1172.248022,1.418752,2,1,1,0.015315
232,78224.000000,21776.000000,33,137473.773906,359659762.622021,1256.798098,0.990799,2,1,1,0.016582
233,77012.000000,22988.000000,28,155199.981106,602127186.148045,1841.766300,1.242540,2,1,1,0.022396
234,77931.000000,22069.000000,28,73287.093511,329282038.792740,782.260136,2.586963,2,1,1,0.023904
235,67488.000000,32512.000000,16,69046.574023,527062931.941916,893.259278,2.129360,2,1,1,0.010469
236,76388.000000,23612.000000,27,99036.469012,269031419.681598,1382.273196,1.743623,2,1,1,0.015075
237,80013.000000,19987.000000,30,228611.757241,1473503115.186314,2367.013915,0.551112,1,1,1,0.021250
238,80857.000000,19143.000000,29,229521.362260,1799303119.896492,2632.508322,0.466154,1,1,1,0.011740
239,65501.000000,34499.000000,21,222973.166528,1471710878.824526,4131.015501,0.501045,1,1,1,0.025752
240,78700.000000,21300.000000,29,231706.580769,1889361416.368039,3236.456144,0.466466,1,1,1,0.012775
241,81242.000000,18758.000000,30,218225.430765,2265757239.932481,2921.916946,0.593149,1,1,1,0.023243
242,76305.000000,23695.000000,28,201548.213022,1909722414.881789,2749.769911,0.490186,1,1,1,0.019391
243,71778.000000,28222.000000,24,227453.430768,1526481330.630183,3243.454771,0.443013,1,1,1,0.019545
244,81484.000000,18516.000000,28,223501.703214,1996339240.241864,2426.707556,0.602646,1,1,1,0.015794
245,82099.000000,17901.000000,33,230169.256429,1566512669.357007,2426.765765,0.508503,1,1,1,0.018789
246,82639.000000,17361.000000,31,206588.462714,1669597019.579782,2157.287875,0.572126,1,1,1,0.010397
247,80691.000000,19309.000000,29,222690.767826,1695802949.402410,2768.549411,0.492902,1,1,1,0.015601
248,75170.000000,24830.000000,27,214195.328358,1489551815.026324,2673.702510,0.513445,1,1,1,0.026207
249,70907.000000,29093.000000,26,205572.033537,1348423463.800335,2651.213465,0.467864,1,1,1,0.018453
250,74727.000000,25273.000000,29,208885.534563,1379881612.024374,2524.227743,0.548091,1,1,1,0.019284
251,80177.000000,19823.000000,31,194710.547841,2159323230.810404,2470.011399,0.644271,1,1,1,0.023776
252,78373.000000,21627.000000,29,194660.416218,1511976767.559036,1978.144859,0.692851,1,1,1,0.016656
253,73071.000000,26929.000000,26,158666.249133,1038276323.633615,1912.557950,1.002214,1,1,1,0.028607
254,75714.000000,24286.000000,27,154136.963136,752252112.258798,1849.969394,0.836804,1,1,1,0.023204
255,77920.000000,22080.000000,27,184103.797942,1152242562.319761,2466.469217,0.618613,1,1,1,0.013417
256,75588.000000,24412.000000,28,163261.948659,1008952451.992491,1920.520922,0.868889,1,1,1,0.018087
257,78285.000000,21715.000000,26,200681.416145,1712108880.432444,2135.726618,0.690529,1,1,1,0.018296
258,79163.000000,20837.000000,31,176290.343642,1208296595.723303,2366.253448,0.984853,1,1,1,0.018675
259,76303.000000,23697.000000,28,179079.918057,2044136255.252354,2289.556443,0.892028,1,1,1,0.015326
260,75276.000000,24724.000000,24,169625.146988,1737713914.697847,2493.485769,0.819368,1,1,1,0.018888
261,79841.000000,20159.000000,27,169569.199384,897300865.347866,2240.365809,0.998072,1,1,1,0.022647
262,80720.000000,19280.000000,31,168240.599331,1016448456.219109,1985.969702,0.823916,1,1,1,0.021754
263,77946.000000,22054.000000,27,179992.246537,1427507593.242771,1984.522666,0.650466,1,1,1,0.013561
264,78434.000000,21566.000000,28,167688.755527,1332187560.015075,1824.908571,0.924555,1,1,1,0.013736
265,72162.000000,27838.000000,27,149465.200210,1036842584.111254,1942.896590,0.824205,1,1,1,0.023210
266,83061.000000,16939.000000,32,183529.444766,1170207748.417329,2102.147214,0.754762,1,1,1,0.011508
267,99092.000000,908.000000,49,194743.163119,1499594065.103943,1626.299497,0.892749,1,1,1,0.007665
268,81341.000000,18659.000000,30,175181.538804,1257125590.645308,2114.697952,0.730386,1,1,1,0.010861
269,77873.000000,22127.000000,30,168701.352561,1233251131.746102,1851.983227,0.991371,1,1,1,0.025839
270,78421.000000,21579.000000,32,198015.999243,1463765101.600529,2088.267005,0.673199,1,1,1,0.015542
271,80578.000000,19422.000000,28,171446.460728,1287362308.175514,1683.836458,0.967236,1,1,1,0.010923
272,73227.000000,26773.000000,28,183536.347430,1244335227.948506,2366.487431,0.859117,1,1,1,0.015590
273,77055.000000,22945.000000,26,133887.359434,619428296.720504,1625.448734,1.008643,1,1,1,0.019504
274,81423.000000,18577.000000,32,166679.937953,933962607.252488,1756.517667,0.890099,1,1,1,0.014275
275,84518.000000,15482.000000,35,182610.547086,1494714441.631258,1826.542506,0.976894,1,1,1,0.006746
276,83378.000000,16622.000000,30,151242.575087,1021817652.987642,1537.549107,1.193711,1,1,1,0.016251
277,73310.000000,26690.000000,27,165051.157287,1174552232.189049,1878.472569,0.752182,1,1,1,0.012395
278,82386.000000,17614.000000,31,160568.383044,713663419.935763,1791.844707,0.883911,1,1,1,0.009739
279,84953.000000,15047.000000,32,176711.512162,1635806755.661836,1895.373408,0.851233,1,1,1,0.009705
280,73920.000000,26080.000000,29,179553.322286,1006228269.438830,2496.268771,0.872537,1,1,1,0.012020
281,83118.000000,16882.000000,31,172429.008870,1139648881.869647,1844.695113,0.942767,1,1,1,0.015364
282,79527.000000,20473.000000,28,179079.979535,1187065965.433632,1955.121551,0.843197,1,1,1,0.024969
283,76718.000000,23282.000000,28,168329.743621,941805313.361283,1757.596372,0.840107,1,1,1,0.012799
284,76052.000000,23948.000000,28,169903.736223,1349914554.776959,1957.220609,0.928769,1,1,1,0.022187
285,79036.000000,20964.000000,28,147750.705467,774035150.336346,1551.026013,0.917567,1,1,1,0.013006
286,77646.000000,22354.000000,32,171860.148135,1528682786.412250,2050.187246,0.905439,1,1,1,0.016636
287,74526.000000,25474.000000,27,154366.060879,985549437.873484,1999.365355,0.821279,1,0,1,0.017918
288,79748.000000,20252.000000,31,168410.964368,1088247785.332695,1615.383479,0.770131,1,0,1,0.013498
289,80102.000000,19898.000000,27,152927.224453,860603436.182857,1491.723533,1.158690,1,0,1,0.024243
290,85840.000000,14160.000000,35,178454.974363,1797229251.254354,1791.274379,0.783514,0,0,2,0.021784
291,86460.000000,13540.000000,37,187132.601387,1645221984.571298,1790.564034,0.674200,0,0,1,0.017285
292,69757.000000,30243.000000,22,147999.224862,690428883.736945,2185.634939,0.786734,0,0,1,0.018739
293,90949.000000,9051.000000,41,197353.752111,1429778589.318787,2087.993320,0.762120,0,0,1,0.010876
294,81591.000000,18409.000000,31,167318.534584,1145539852.015185,1874.517107,0.898580,0,0,1,0.014459
295,87540.000000,12460.000000,38,188356.089267,2022994015.359512,2026.536775,0.820060,0,0,1,0.023159
296,83094.000000,16906.000000,35,189756.337944,1586983494.314255,2110.506905,0.730152,0,0,1,0.028070
297,81144.000000,18856.000000,32,191035.632001,1846988608.550949,2191.814447,0.749807,0,0,1,0.017425
298,74688.000000,25312.000000,25,191574.671022,1321937041.611662,2457.222231,0.612990,0,0,1,0.018166
299,78765.000000,21235.000000,31,179674.505725,1721713521.828314,2031.113405,0.734512,0,0,1,0.022813
300,76658.000000,23342.000000,29,204215.613839,1721766282.775922,2620.049679,0.600360,0,0,1,0.009266
301,76473.000000,23527.000000,28,193017.850689,1430190054.886676,2609.410354,0.660938,0,0,4,0.008258
302,73244.000000,26756.000000,24,186087.546322,1293439262.033496,2870.330506,0.738293,0,0,1,0.018550
303,79587.000000,20413.000000,30,209909.257770,2358296332.999496,2443.015857,0.567202,0,0,1,0.015226
304,83447.000000,16553.000000,32,204196.256946,1717578776.480485,2158.642490,0.622583,0,0,1,0.017548
305,76731.000000,23269.000000,26,198979.839250,1236982479.972379,2312.965876,0.580549,0,0,3,0.013155
306,80263.000000,19737.000000,32,209002.152756,1909724004.525074,2737.379350,0.585743,0,0,1,0.010748
307,77457.000000,22543.000000,31,196008.613387,1462088405.376000,2050.371676,0.648071,0,0,3,0.010485
308,76395.000000,23605.000000,28,187181.374574,1447383059.796124,2057.356308,0.634722,0,0,1,0.014096
309,75751.000000,24249.000000,25,209674.047339,1762941789.387794,2838.479243,0.626511,0,0,2,0.018580
310,80109.000000,19891.000000,30,192175.131869,1722691898.729663,2081.656280,0.633529,0,0,1,0.017598
311,73451.000000,26549.000000,25,194882.672978,1099898857.643826,2420.061523,0.632374,0,0,4,0.012184
312,79915.000000,20085.000000,31,215546.901914,1987101945.201061,2466.438863,0.594860,0,0,2,0.022556
313,82931.000000,17069.000000,33,218433.464231,1620391177.679102,2221.314207,0.566713,0,0,2,0.012407
314,74054.000000,25946.000000,25,202729.370177,1983381984.934261,2786.536403,0.574959,0,0,1,0.009539
315,79673.000000,20327.000000,29,200214.737240,1215543766.701548,2317.298673,0.588307,0,0,1,0.014976
316,76666.000000,23334.000000,27,220628.978088,1697849443.060939,2819.411239,0.391951,0,0,1,0.023102
317,77399.000000,22601.000000,31,199232.129914,1449838164.164288,2352.688243,0.564965,0,0,1,0.021620
318,81375.000000,18625.000000,31,229548.810708,1907984798.861827,2720.384854,0.506879,0,0,1,0.027871
319,75980.000000,24020.000000,25,222602.629063,1656455447.761514,2778.172936,0.446904,0,0,1,0.036262
320,74663.000000,25337.000000,27,214759.484480,1570456204.331381,2467.061099,0.561974,0,0,4,0.015905
321,90580.000000,9420.000000,39,212147.973237,1732011096.380832,1731.368378,0.661035,0,0,1,0.017093
322,79518.000000,20482.000000,30,190823.548679,1113472838.186587,2152.204395,0.643852,0,0,1,0.009373
323,89651.000000,10349.000000,42,206626.955925,1503458500.972259,2065.362598,0.723008,0,0,0,0.001602
324,74660.000000,25340.000000,25,195998.815092,1747392270.960571,2362.465716,0.545285,0,0,1,0.021952
325,79939.000000,20061.000000,26,198210.043338,1445664488.729032,2426.191203,0.685039,0,0,1,0.010025
326,94375.000000,5625.000000,45,224928.917742,1557552035.868384,1982.819987,0.613933,0,0,1,0.016141
327,80796.000000,19204.000000,32,213672.227380,1690445155.419457,2360.914952,0.585622,0,0,3,0.013570
328,79436.000000,20564.000000,27,216225.816984,1905647378.396478,2581.888623,0.535104,0,0,1,0.015440
329,74333.000000,25667.000000,26,216688.825321,2375548340.502392,2952.934060,0.618098,0,0,1,0.019580
330,77025.000000,22975.000000,30,228446.843072,2157274151.180841,2862.918561,0.432486,0,0,1,0.014689
331,76682.000000,23318.000000,23,228939.709434,2252188724.169909,2686.598066,0.440274,0,0,1,0.017442
332,88685.000000,11315.000000,41,236358.446157,1550589719.342690,2230.507959,0.466554,0,0,1,0.012556
333,89747.000000,10253.000000,39,235543.487874,1723825411.889274,2279.771508,0.542471,0,0,3,0.004155
334,77969.000000,22031.000000,26,231287.490567,1789394743.511292,2871.422280,0.438092,0,0,1,0.021486
335,78505.000000,21495.000000,29,231356.134315,1622795877.148304,2919.272769,0.456624,0,0,1,0.023602
336,69483.000000,30517.000000,24,227547.338528,1749086561.753752,2929.085844,0.468616,0,0,1,0.018868
337,71585.000000,28415.000000,24,232144.031503,2010596333.720875,2759.798217,0.440325,0,0,1,0.013790
338,79115.000000,20885.000000,32,229153.474215,1969740494.394677,2771.456369,0.426790,0,0,1,0.015333
339,94122.000000,5878.000000,44,224659.586990,2233525935.954051,1833.141262,0.676811,0,0,1,0.011355
340,74136.000000,25864.000000,24,222598.751961,2144000973.942191,2755.476962,0.425107,0,0,1,0.016949
341,79056.000000,20944.000000,29,230195.002066,1733426668.762528,2739.043290,0.433236,0,0,1,0.011467
342,77885.000000,22115.000000,28,226222.316052,1868568181.273898,2538.772144,0.490793,0,0,1,0.015001
343,80189.000000,19811.000000,33,229253.797706,2042375290.711288,2583.328209,0.468466,0,0,1,0.013174
344,78247.000000,21753.000000,27,221750.676752,1871742251.926023,2668.170453,0.442360,0,0,1,0.019908
345,72631.000000,27369.000000,23,224046.100113,1761000630.235180,3188.210959,0.471844,0,0,1,0.017875
346,75799.000000,24201.000000,28,229362.171109,1922883129.183024,2923.809706,0.414815,0,1,1,0.014073
347,79669.000000,20331.000000,30,233578.817240,1517982186.040346,2523.173744,0.469080,0,1,1,0.013156
348,76360.000000,23640.000000,28,224909.175013,1539703339.920630,2588.610085,0.490568,0,1,1,0.022352
349,79850.000000,20150.000000,31,227192.164362,1803982260.039572,2253.525408,0.525911,0,1,1,0.015325
350,79722.000000,20278.000000,31,225049.600751,1923221566.010064,2460.918679,0.557931,0,1,1,0.015141
351,75445.000000,24555.000000,26,227388.069330,1908358117.015138,2833.940626,0.462760,0,1,1,0.016446
352,69538.000000,30462.000000,23,220355.143991,1679099280.723422,3492.943967,0.432041,0,1,1,0.016960
353,74722.000000,25278.000000,22,221190.415707,2294571413.424934,2776.695099,0.465745,0,1,1,0.016891
354,80335.000000,19665.000000,32,219282.269507,2275045248.330126,2411.798459,0.485801,0,1,1,0.012278
355,76847.000000,23153.000000,28,226427.026816,2007749130.064789,2780.006396,0.502233,0,1,1,0.019177
356,74184.000000,25816.000000,24,222427.579675,1807191721.675212,2580.629848,0.496940,0,1,1,0.014161
357,70637.000000,29363.000000,24,228720.916602,2218399422.471544,3329.391998,0.407257,0,1,1,0.028072
358,71482.000000,28518.000000,22,225934.050254,1606554849.250309,2836.751378,0.436596,0,1,2,0.020560
359,80593.000000,19407.000000,31,222174.066094,1624174953.406524,2119.844867,0.547905,0,1,2,0.015057
360,82694.000000,17306.000000,32,230334.129666,1813481941.736398,2812.092131,0.390525,0,1,1,0.014650
361,77589.000000,22411.000000,28,226990.758771,1950150692.530159,2674.383035,0.464103,0,1,1,0.027298
362,74233.000000,25767.000000,23,226910.554609,1828938786.360094,3061.176910,0.397452,0,1,1,0.012139
363,98067.000000,1933.000000,48,231855.707447,1914146092.814934,1986.396386,0.569650,0,1,1,0.008417
364,94016.000000,5984.000000,43,229615.942643,1843072855.581765,2030.577704,0.531629,0,1,0,0.005684
365,72417.000000,27583.000000,24,224315.454630,1793913571.201576,3246.844519,0.500033,0,1,1,0.024955
366,73115.000000,26885.000000,21,232036.166941,1667883586.809865,3369.302670,0.446016,0,1,1,0.017279
367,87502.000000,12498.000000,35,230177.031647,1988689021.611903,2414.791219,0.503783,0,1,1,0.014834
368,75638.000000,24362.000000,23,229607.095962,1655048187.459289,2643.457936,0.442694,0,1,1,0.026229
369,78843.000000,21157.000000,30,208436.077144,1434606783.510840,2851.558848,0.520687,0,1,1,0.021967
370,79047.000000,20953.000000,30,189294.523011,1732786129.326192,2050.714319,0.639169,1,0,1,0.014682
371,77434.000000,22566.000000,29,223385.104720,1676123934.561117,2831.874054,0.517363,1,0,1,0.010245
372,76386.000000,23614.000000,27,207307.315445,1681526814.620597,2378.976265,0.490974,1,0,1,0.014917
373,73614.000000,26386.000000,27,198323.612286,1816599199.167537,2648.280101,0.491848,1,0,1,0.016793
374,77806.000000,22194.000000,29,211525.911191,2053406766.106272,2721.897711,0.510556,1,0,1,0.014093
375,82305.000000,17695.000000,30,215208.746395,1559195702.350128,2371.996652,0.588810,1,0,1,0.028995
376,75765.000000,24235.000000,24,207455.297328,1694026252.408447,2489.554417,0.561673,1,0,1,0.008783
377,75479.000000,24521.000000,24,199734.766463,1906064494.903806,2751.818874,0.539807,1,0,1,0.039553
378,79214.000000,20786.000000,28,210104.438758,1523698382.911266,2641.916818,0.582100,1,0,1,0.028096
379,79325.000000,20675.000000,30,210723.793925,1791508320.547476,2352.817396,0.530977,1,0,2,0.025416
380,94942.000000,5058.000000,45,197460.384871,1864143153.203426,1710.835590,0.782129,1,0,1,0.002977
381,74812.000000,25188.000000,29,187818.663217,1545722857.395100,2137.623440,0.663111,1,0,1,0.019067
382,78654.000000,21346.000000,27,195101.483957,1015086926.691197,2290.956744,0.568533,1,0,1,0.012974
383,70657.000000,29343.000000,26,164675.679217,917592629.195780,2021.177972,0.752408,1,0,1,0.026537
384,81689.000000,18311.000000,32,193953.084710,1701533235.156738,2291.551791,0.607360,1,0,2,0.018932
385,81294.000000,18706.000000,29,199191.149744,1057532965.922423,2258.438196,0.534172,1,0,1,0.016713
386,83968.000000,16032.000000,33,211673.816632,1752072438.004966,1887.043108,0.685409,1,0,1,0.018755
387,75650.000000,24350.000000,28,166674.740904,1186713602.766718,2235.373352,0.765304,1,0,1,0.016067
388,76129.000000,23871.000000,29,182185.657988,1631396664.357674,2346.369568,0.703765,1,0,1,0.025430
389,76190.000000,23810.000000,27,158379.219313,741780445.120382,1863.800758,0.670543,1,0,1,0.012519
390,77813.000000,22187.000000,28,187759.433530,1484059354.393874,2305.777701,0.699013,1,0,1,0.019536
391,74201.000000,25799.000000,26,197416.737922,1832328183.479716,2263.027923,0.680919,1,0,1,0.012199
392,78812.000000,21188.000000,30,169381.162886,693853439.610703,1801.762903,0.792854,1,0,1,0.013262
393,75315.000000,24685.000000,26,187219.312058,1562923628.485721,2409.800713,0.611133,1,1,1,0.022670
394,75123.000000,24877.000000,28,196171.749539,1823094537.645421,2366.908169,0.551890,1,1,1,0.025768
395,75826.000000,24174.000000,27,198475.984573,1446682904.013740,2528.897045,0.568479,1,1,1,0.018452
396,81770.000000,18230.000000,32,192711.806105,1675209534.042692,2076.905001,0.735413,1,1,1,0.026751
397,79233.000000,20767.000000,30,215681.511874,1630207036.485783,2471.799671,0.539265,1,1,1,0.013563
398,84526.000000,15474.000000,33,218819.206945,2117306308.010734,2393.973697,0.667175,1,1,1,0.013683
399,84399.000000,15601.000000,34,221527.088139,1830557837.398334,2612.283698,0.585057,1,1,1,0.013676
400,80108.000000,19892.000000,30,223932.560738,1922465025.467157,2387.115926,0.584845,1,1,1,0.024771
401,72321.000000,27679.000000,23,213468.270588,2055824354.823675,3233.684163,0.524473,1,1,1,0.036532
402,73764.000000,26236.000000,28,205488.060671,1895795473.898893,2368.344036,0.543994,1,1,1,0.019267
403,82798.000000,17202.000000,34,216579.988845,1998310410.857786,2196.190357,0.625972,1,1,1,0.016131
404,69254.000000,30746.000000,24,218074.358923,1990833871.566943,3051.480595,0.548056,1,1,1,0.013309
405,74803.000000,25197.000000,26,221652.106875,1647151278.665969,2920.001285,0.594058,1,1,1,0.021878
406,75884.000000,24116.000000,26,220480.023093,1768121183.101954,2570.784919,0.527865,1,1,1,0.025884
407,76767.000000,23233.000000,29,221922.630444,1558655203.102656,2737.186875,0.481585,1,1,1,0.017726
408,80430.000000,19570.000000,32,219211.052296,2149699521.388601,2494.538471,0.574998,1,1,1,0.026114
409,79238.000000,20762.000000,29,213550.639496,1734725813.659722,2400.612074,0.554365,1,1,1,0.021150
410,81912.000000,18088.000000,32,222944.242534,1445837825.416582,2511.212041,0.485955,1,0,1,0.010697
411,73924.000000,26076.000000,26,216381.518053,1738209300.117368,2336.940940,0.480738,1,0,1,0.015650
412,77074.000000,22926.000000,25,223821.810334,1838315487.760481,2393.208520,0.449338,1,0,1,0.014900
413,78338.000000,21662.000000,27,223804.747412,2034920720.724663,2393.873268,0.541448,1,0,1,0.041577
414,76938.000000,23062.000000,24,225895.269298,2068406119.521742,2806.114280,0.435879,1,0,1,0.036498
415,81414.000000,18586.000000,28,214670.127727,1697293585.248904,2416.957467,0.539121,1,0,1,0.028537
416,77454.000000,22546.000000,24,216660.849289,1619930341.865599,2604.149851,0.524824,1,0,1,0.020231
417,77939.000000,22061.000000,29,220762.304677,2415455226.761030,2561.592750,0.500256,1,0,1,0.015127
418,83290.000000,16710.000000,33,219698.289465,2276828385.586283,2279.088496,0.648677,1,0,3,0.015614
419,76259.000000,23741.000000,29,206671.892143,1586986462.187466,2205.984507,0.498258,1,0,1,0.023792
420,76647.000000,23353.000000,29,214926.299547,1491829488.060761,2644.473271,0.512473,1,0,1,0.033534
421,78484.000000,21516.000000,25,216557.904245,1782957744.787019,2405.329550,0.631804,1,0,1,0.020697
422,82188.000000,17812.000000,32,219485.458718,2017697459.792007,2478.383072,0.512816,1,0,1,0.018791
423,76624.000000,23376.000000,29,223709.277286,1963309462.411222,2858.522892,0.501308,1,0,1,0.016851
424,74154.000000,25846.000000,26,223499.708592,2045377370.097276,3071.185145,0.462216,1,0,1,0.027499
425,73421.000000,26579.000000,25,209865.267800,1558740907.267593,2849.639920,0.603127,1,0,1,0.026983
426,71091.000000,28909.000000,25,196623.333824,1731063030.969820,2672.405213,0.524099,1,0,1,0.013672
427,79066.000000,20934.000000,28,193411.354895,2048963090.705038,2066.609871,0.651933,1,0,1,0.014261
428,78892.000000,21108.000000,28,189831.885877,1614519822.861851,2016.842100,0.679515,1,0,1,0.011310
429,77559.000000,22441.000000,27,199876.457287,1543649499.787461,2499.615300,0.545961,1,0,1,0.013317
430,76534.000000,23466.000000,28,208932.875011,1405252475.565703,2378.835651,0.557037,1,0,1,0.018699
431,80196.000000,19804.000000,32,208770.994239,2042553304.982682,2433.399493,0.682525,1,0,1,0.018662
432,70572.000000,29428.000000,24,206749.133517,1512563562.826739,3318.828598,0.620344,1,0,1,0.018214
433,77005.000000,22995.000000,28,196218.056699,1453864026.333759,2328.788409,0.576432,1,0,1,0.017699
434,74649.000000,25351.000000,28,188895.041780,1298837084.529626,2532.382680,0.605706,1,0,1,0.036474
435,77641.000000,22359.000000,26,204859.718028,1588034596.438239,2335.462673,0.570470,1,0,1,0.018547
436,69572.000000,30428.000000,22,201660.625218,1567509720.550191,2859.451158,0.549473,1,0,1,0.021648
437,77834.000000,22166.000000,28,210156.305235,2079177083.018377,2344.964140,0.591855,1,0,1,0.036819
438,76696.000000,23304.000000,28,214575.310254,1545809768.863015,2682.364527,0.595631,1,0,1,0.019242
439,77036.000000,22964.000000,29,202461.080437,1356071939.914177,2394.895379,0.574357,1,0,1,0.014661
440,84473.000000,15527.000000,34,212477.609649,1742284053.124211,2251.169806,0.670259,1,0,1,0.021256
441,74220.000000,25780.000000,25,204262.117680,1558636640.722402,2402.193609,0.531034,1,0,1,0.026030
442,80261.000000,19739.000000,32,211709.157766,1663330209.435856,2248.008948,0.668007,1,0,1,0.026508
443,82397.000000,17603.000000,34,218182.818842,1849565223.961376,2323.420248,0.539668,1,0,1,0.019914
444,79161.000000,20839.000000,28,221199.559509,1457718988.387142,2479.258821,0.521219,1,0,1,0.022859
445,74936.000000,25064.000000,26,229100.132692,2020469530.271359,3320.175177,0.442134,1,0,1,0.017759
446,75242.000000,24758.000000,27,224395.905765,2274992291.768408,2756.078365,0.547737,1,0,1,0.026095
447,73114.000000,26886.000000,23,219296.801348,2139705269.345487,2784.218838,0.516202,1,0,1,0.016175
448,75986.000000,24014.000000,27,226164.612761,2035197190.152614,2684.137367,0.487757,1,0,1,0.037543
449,75088.000000,24912.000000,25,218657.566360,2221441421.477939,3397.574606,0.449023,1,0,1,0.024439
450,67351.000000,32649.000000,19,221581.693708,1806215271.492839,3335.469557,0.446191,1,0,1,0.016462
451,84862.000000,15138.000000,31,223501.010121,2252731551.908094,2062.994734,0.663630,1,0,1,0.032383
452,72692.000000,27308.000000,24,232042.066702,1950267984.373909,3081.502995,0.475104,1,0,1,0.021428
453,71553.000000,28447.000000,21,219407.191270,1792112860.738277,2686.231849,0.521091,1,0,1,0.019569
454,67979.000000,32021.000000,21,224042.044627,2039947058.404790,3448.095034,0.445431,1,0,1,0.023678
455,95460.000000,4540.000000,46,230964.506499,1831572082.292560,2035.060764,0.595779,1,0,1,0.003021
456,77648.000000,22352.000000,28,122966.536514,481398808.239797,1498.053431,0.994662,0,0,1,0.012620
457,72245.000000,27755.000000,20,110658.734403,339353429.941012,1697.886294,1.043990,0,0,1,0.010634
458,85632.000000,14368.000000,36,123056.570729,523602860.552279,1272.383933,1.037638,0,0,2,0.012691
459,84163.000000,15837.000000,34,140446.273432,707092997.586711,1573.423590,0.839657,0,0,2,0.012718
460,73068.000000,26932.000000,26,105905.548142,247955639.186690,1275.856315,1.003175,0,0,2,0.012855
461,76269.000000,23731.000000,27,111828.734670,361225983.334943,1120.439473,0.979620,0,0,1,0.014773
462,75019.000000,24981.000000,26,99577.453328,216924116.001640,1217.247742,0.970040,0,0,2,0.010670
463,77955.000000,22045.000000,29,139839.626450,813517112.567728,1642.293120,0.816503,0,0,2,0.014581
464,78398.000000,21602.000000,28,199689.975081,1453646586.871448,2185.455794,0.684391,1,0,1,0.017161
465,80461.000000,19539.000000,29,172660.267778,849693944.205235,1832.246732,0.687541,1,0,1,0.020050
466,87047.000000,12953.000000,34,209856.218674,1541765790.105906,2071.019075,0.581120,1,0,1,0.013854
467,78872.000000,21128.000000,29,204416.112638,1536864613.103417,2319.019516,0.655516,1,0,1,0.025361
468,83074.000000,16926.000000,32,191516.341070,1462928933.649664,2148.753296,0.680125,1,0,1,0.017848
469,69598.000000,30402.000000,23,193559.611999,1338116344.521844,2730.423442,0.525552,1,0,1,0.017377
470,72916.000000,27084.000000,25,172505.211531,1007651940.111103,2208.724732,0.668352,1,0,1,0.018243
471,71041.000000,28959.000000,23,178150.440241,1311441110.346347,1966.651000,0.757353,1,0,1,0.015135
472,72377.000000,27623.000000,22,191734.813299,1539844094.267393,2592.652495,0.550814,1,0,1,0.012632
473,85667.000000,14333.000000,35,193807.538267,1595293937.042122,1848.484689,0.699459,1,0,1,0.038555
474,74485.000000,25515.000000,28,189510.325253,1158791155.970824,2316.114773,0.652704,1,0,1,0.009791
475,79729.000000,20271.000000,29,181215.193896,1123721923.774064,1796.055451,0.768207,1,0,1,0.015613
476,79007.000000,20993.000000,29,190665.430823,1347926677.656027,2153.159145,0.686706,1,0,1,0.014112
477,89249.000000,10751.000000,43,203344.289053,1378634319.460070,1842.509381,0.773293,1,0,1,0.001188
478,75569.000000,24431.000000,27,185117.002536,1234191626.646129,2347.607632,0.717190,1,0,1,0.012256
479,100000.000000,1.000000,50,197675.880670,1297641389.569001,1647.498268,0.750580,1,0,0,0.000000
480,78023.000000,21977.000000,31,191442.644400,1278612011.339432,2293.311908,0.551383,1,0,1,0.014035
481,82759.000000,17241.000000,31,203040.956735,1937039434.492800,2259.919813,0.588537,1,0,1,0.011864
482,80907.000000,19093.000000,30,195156.052990,1636713422.084167,2088.602376,0.630450,1,0,1,0.026317
483,74397.000000,25603.000000,25,187345.282743,1402174489.759862,2282.987970,0.602356,1,0,1,0.025667
484,78509.000000,21491.000000,31,193783.352740,1366879571.003146,2303.493551,0.604201,1,0,1,0.021875
485,85794.000000,14206.000000,34,199787.852717,1756151734.369526,2193.370162,0.584576,1,0,1,0.011730
486,95915.000000,4085.000000,47,211779.822274,2350833198.441329,1734.294209,0.633006,1,0,2,0.007340
487,71910.000000,28090.000000,21,168180.264086,779518450.463077,2171.199204,0.660688,1,0,2,0.024365
488,85706.000000,14294.000000,34,210166.797329,2014597478.461598,2202.716307,0.651108,1,0,1,0.022645
489,79236.000000,20764.000000,27,220886.550378,1995959872.829070,2463.650491,0.519446,1,0,1,0.014593
490,81679.000000,18321.000000,31,211933.235744,2032791609.508808,2429.769490,0.596390,1,0,1,0.013905
491,80585.000000,19415.000000,30,204359.576615,1730682214.681874,2010.644593,0.581216,1,0,1,0.015954
492,68840.000000,31160.000000,21,193945.788620,1291287710.886098,3146.248986,0.500399,1,0,1,0.030790
493,76224.000000,23776.000000,24,221310.482658,1980925524.662607,2879.481292,0.527206,1,0,1,0.021421
494,78298.000000,21702.000000,28,214299.647103,1867419787.513182,2763.779581,0.523492,1,0,1,0.021772
495,75100.000000,24900.000000,26,200068.367424,1572720318.433622,2459.048393,0.432035,1,0,1,0.022139
496,80149.000000,19851.000000,29,212413.443047,1735621148.930982,2314.557650,0.519149,1,0,1,0.021645
497,74895.000000,25105.000000,25,228285.245108,1850696868.855146,2920.251832,0.383758,1,0,1,0.021666
498,96402.000000,3598.000000,45,230404.123084,2322306208.157552,2026.087468,0.653301,1,0,1,0.004988
499,70926.000000,29074.000000,22,229333.827111,1788219721.055912,3300.195354,0.423410,1,0,1,0.018053
500,78835.000000,21165.000000,30,224640.040349,2257241936.144057,2766.040718,0.585536,1,0,1,0.027695
501,70411.000000,29589.000000,19,218316.401350,2168516168.050899,3279.438348,0.487707,1,0,1,0.038668
502,75641.000000,24359.000000,26,231881.430813,2079999133.377321,3140.578602,0.330077,1,0,1,0.031170
503,65541.000000,34459.000000,16,233533.516734,1786781498.399051,4123.389537,0.445903,1,0,1,0.029084
504,76493.000000,23507.000000,26,232378.159010,1805161864.449595,3020.236842,0.387699,1,0,1,0.017048
505,72559.000000,27441.000000,23,229594.238967,1899646721.793361,3115.035564,0.432317,1,0,1,0.017498
506,74322.000000,25678.000000,24,227537.874576,2097182243.676626,3100.226648,0.566820,1,0,1,0.025375
507,83024.000000,16976.000000,32,202173.194086,1354855242.168433,2069.155135,0.648371,1,0,1,0.032300
508,78951.000000,21049.000000,31,213769.098194,1961664800.986571,2430.021839,0.504153,1,0,1,0.031000
509,75069.000000,24931.000000,27,202534.058374,1399736414.162526,2488.613345,0.584059,1,0,1,0.018481
510,96856.000000,3144.000000,46,217619.851258,2172886274.083385,1880.858990,0.637729,1,0,0,0.000000
511,77019.000000,22981.000000,25,197183.594951,1008659644.278005,2139.171328,0.567468,1,0,1,0.019565
512,76689.000000,23311.000000,28,201322.381902,1526577575.988507,2538.319851,0.596064,1,0,1,0.025780
513,81061.000000,18939.000000,29,201683.809529,1606804272.424344,2120.426243,0.580750,1,0,1,0.016927
514,77633.000000,22367.000000,28,199408.193417,1309360537.797534,2414.296982,0.676476,1,0,1,0.022672
515,72467.000000,27533.000000,23,188684.406760,1051399867.856010,2493.837097,0.563012,1,0,1,0.036928
516,79086.000000,20914.000000,26,199884.671906,2445615333.711775,2300.469073,0.571837,1,0,1,0.015393
517,79903.000000,20097.000000,28,197409.210446,1752590800.917689,2264.276039,0.672885,1,0,1,0.016984
518,81673.000000,18327.000000,34,196785.215039,1831141456.222200,2126.368868,0.728473,1,0,2,0.019878
519,87952.000000,12048.000000,39,228858.757720,1665388474.312970,2226.509966,0.577347,1,0,1,0.011819
520,81982.000000,18018.000000,32,193199.962206,1875366820.748735,1992.024643,0.686499,1,0,1,0.016052
521,67476.000000,32524.000000,22,173758.286216,1561507993.170540,2503.751802,0.580186,1,0,1,0.017765
522,80549.000000,19451.000000,29,224695.322430,1758183318.552978,2429.013998,0.474871,1,0,1,0.017148
523,86910.000000,13090.000000,36,229553.448986,1974570345.733240,2148.953338,0.496191,1,0,1,0.011428
524,77141.000000,22859.000000,25,223895.903562,1968715542.953735,3064.551184,0.443922,1,0,1,0.019459
525,82138.000000,17862.000000,30,225399.150665,1775489058.410463,2388.820352,0.471854,1,0,1,0.025807
526,74727.000000,25273.000000,25,227023.432293,1922421606.338513,2977.512608,0.534879,1,0,1,0.029004
527,82855.000000,17145.000000,32,220731.950149,1862996350.463977,2487.724455,0.537993,1,0,1,0.017560
528,77249.000000,22751.000000,28,225001.360964,2014390260.705634,2704.698933,0.584314,1,0,1,0.024063
529,68311.000000,31689.000000,23,215070.002596,1564770966.963788,3191.166128,0.432643,1,0,1,0.017838
530,78294.000000,21706.000000,27,229906.055503,2070421318.049933,2782.610307,0.477945,1,0,1,0.022375
531,70494.000000,29506.000000,21,204512.329187,1724271450.399464,2990.406634,0.493357,1,0,1,0.042793
532,67455.000000,32545.000000,20,208833.769271,1901284166.390294,3128.435285,0.492933,1,0,1,0.023836
533,73141.000000,26859.000000,26,232229.933703,1896057434.769676,2814.375600,0.516769,1,0,1,0.024953
534,69554.000000,30446.000000,24,208521.341194,1874949855.932530,2852.397893,0.499769,1,0,1,0.022429
535,73959.000000,26041.000000,25,217962.013552,2049456270.867222,2949.572534,0.512475,1,0,1,0.021174
536,98465.000000,1535.000000,49,232099.404762,1923715066.622618,1951.640394,0.652469,1,0,3,0.010333
537,77276.000000,22724.000000,29,216981.170156,1938295707.136908,2410.425974,0.547633,1,0,1,0.017724
538,75635.000000,24365.000000,26,222970.156743,2345605983.072239,2657.521085,0.500439,1,0,1,0.011623
539,80479.000000,19521.000000,30,182779.345552,2374152092.827964,2193.559522,0.746395,1,0,1,0.020101
540,75005.000000,24995.000000,25,211825.072374,1669948513.140395,2475.968849,0.493887,1,0,1,0.018739
541,71312.000000,28688.000000,25,186362.358178,1834530308.885485,2345.692383,0.612547,1,0,1,0.012807
542,77742.000000,22258.000000,31,205861.381384,1740677800.081643,2308.429033,0.554239,1,0,1,0.017114
543,75812.000000,24188.000000,25,188810.275988,1116664880.551774,2224.177523,0.636981,1,0,1,0.015366
544,78318.000000,21682.000000,30,209984.289925,1734474703.219465,2375.084157,0.553286,1,0,1,0.016184
545,77208.000000,22792.000000,28,206615.376567,1976319588.227821,2591.669761,0.621161,1,0,1,0.017756
546,70533.000000,29467.000000,23,179601.796994,1026974463.272237,2386.936123,0.530504,1,0,1,0.020370
547,76781.000000,23219.000000,28,214031.850341,1550604342.390913,2635.131678,0.510657,1,0,1,0.014066
548,74706.000000,25294.000000,23,214414.980074,1705582289.803041,2740.851198,0.478859,1,0,1,0.039938
549,70166.000000,29834.000000,23,225330.935938,1687834530.129336,3248.926757,0.445671,1,0,1,0.018473
550,77360.000000,22640.000000,28,230538.544222,1982067921.032708,2773.043276,0.477726,1,0,1,0.020420
551,69950.000000,30050.000000,24,229857.034815,1749907266.211257,2965.814184,0.415367,1,0,1,0.020409
552,84784.000000,15216.000000,33,233033.603911,1855491315.836342,2584.605971,0.467426,1,0,1,0.031869
553,72212.000000,27788.000000,25,224453.100784,1902723483.494551,2927.956525,0.446326,1,0,1,0.018086
554,73963.000000,26037.000000,26,223156.641247,1914421188.831761,2467.524170,0.548758,1,0,1,0.017411
555,77372.000000,22628.000000,29,166811.390809,1093242761.684180,2069.380423,0.731765,1,0,1,0.016774
556,70384.000000,29616.000000,24,176925.961717,1231932922.992423,2666.699562,0.625995,1,0,1,0.029389
557,74994.000000,25006.000000,24,158284.873019,703916120.887046,1858.436245,0.801446,1,0,1,0.016510
558,80477.000000,19523.000000,30,159536.143084,801441621.780200,1661.642010,0.796462,1,0,1,0.015743
559,78870.000000,21130.000000,30,134279.596293,389842313.943181,1478.798512,0.919371,1,0,1,0.023308
560,73496.000000,26504.000000,26,142881.009159,491007995.942151,2117.686454,1.022266,1,0,1,0.013633
561,72698.000000,27302.000000,24,143068.534462,668116212.688494,1568.337826,1.034295,1,0,1,0.018258
562,77090.000000,22910.000000,28,145042.721226,450082950.765330,1734.886484,0.775970,1,0,1,0.016980
563,77801.000000,22199.000000,27,134697.328068,491562447.783405,1724.047311,0.961870,1,0,1,0.012566
564,75025.000000,24975.000000,29,140779.640631,588144517.324454,1744.960808,0.903788,1,0,1,0.014830
565,67094.000000,32906.000000,21,108749.826674,369378593.639776,1452.839891,0.958366,1,0,1,0.011858
566,72706.000000,27294.000000,23,152094.309728,904101224.823291,2201.400247,0.773199,1,0,1,0.018939
567,72789.000000,27211.000000,23,130153.567199,498608927.396565,1360.980036,0.875227,1,0,1,0.012935
568,80961.000000,19039.000000,30,123825.614699,723702622.349818,1298.985708,1.045202,1,0,1,0.017466
569,75602.000000,24398.000000,23,115256.755041,489803241.778556,1255.851348,0.985257,1,0,1,0.022588
570,70079.000000,29921.000000,20,149025.914792,797328470.667621,2426.082246,0.748869,1,0,1,0.015684
571,75047.000000,24953.000000,25,128360.034274,370097848.636448,1552.715036,0.818601,1,0,1,0.020762
572,72434.000000,27566.000000,25,129261.978641,1093177078.614224,1391.108833,0.853131,1,0,1,0.014934
573,77461.000000,22539.000000,27,145088.059207,624562253.519207,1579.235912,0.900854,1,0,1,0.015393
574,79667.000000,20333.000000,29,144876.675383,760128220.518652,1421.519812,0.888633,1,0,1,0.012260
575,67488.000000,32512.000000,22,126191.267049,595995653.087677,1441.952708,0.998191,1,0,1,0.034417
576,72739.000000,27261.000000,23,141685.246406,1074174225.267313,2075.619507,0.882980,1,0,1,0.016272
577,81102.000000,18898.000000,31,158421.526561,1289031665.217918,2067.807327,0.878746,1,0,1,0.017945
578,71245.000000,28755.000000,22,129710.071341,773050618.150364,1547.296046,0.818125,1,0,1,0.021532
579,84492.000000,15508.000000,36,151770.773483,568617541.303024,1402.918604,0.935642,1,0,1,0.026651
580,73503.000000,26497.000000,25,138217.720722,637120715.186591,1792.814997,0.777681,1,0,1,0.019276
581,75630.000000,24370.000000,26,112349.423753,327799036.220441,1285.113400,1.052076,1,0,1,0.015117
582,76586.000000,23414.000000,29,151460.603852,782933728.666540,1616.050208,0.787106,1,0,1,0.017073
583,82081.000000,17919.000000,33,156514.233546,952876699.087299,1615.534589,0.983436,1,0,3,0.012073
584,73363.000000,26637.000000,24,133370.615073,532078094.966453,1751.407304,0.816697,1,0,1,0.019307
585,90794.000000,9206.000000,41,185135.073992,1520260792.552473,1878.167167,0.828265,1,0,1,0.003136
586,78080.000000,21920.000000,29,138541.210320,601384811.828958,1496.566779,0.857733,1,0,1,0.016491
587,73393.000000,26607.000000,26,141326.089482,759725279.476737,1913.351453,1.009082,1,0,1,0.017267
588,77818.000000,22182.000000,29,123891.789094,530959889.288692,1552.842037,0.932339,1,0,1,0.014309
589,71119.000000,28881.000000,21,101412.804763,515632097.145226,1401.251973,1.178768,1,0,1,0.013715
590,78283.000000,21717.000000,29,142679.749824,532346928.381615,1700.494593,0.920503,1,0,1,0.021759
591,71332.000000,28668.000000,25,133634.010565,403767112.173911,1415.498168,0.848404,1,0,1,0.016689
592,76917.000000,23083.000000,27,161393.958714,912048194.717441,1692.176196,0.852014,1,0,1,0.017983
593,88337.000000,11663.000000,39,212899.990547,1744327038.596625,2063.436988,0.651431,1,0,1,0.015187
594,81605.000000,18395.000000,29,195093.758058,1579602742.855028,1937.044243,0.639375,1,0,1,0.012587
595,77776.000000,22224.000000,32,214816.379121,2066605542.342144,2316.415396,0.542928,1,0,1,0.021700
596,75323.000000,24677.000000,24,200025.857956,1422656883.977216,2217.134347,0.619481,1,0,1,0.012742
597,73985.000000,26015.000000,27,203587.647795,1542284068.751155,2641.355646,0.479715,1,0,1,0.015004
598,72896.000000,27104.000000,23,177139.319501,1297524052.866328,2281.935770,0.708096,1,0,1,0.017821
599,62168.000000,37832.000000,16,166881.913228,766648135.869602,3104.218361,0.636608,1,0,1,0.019696
600,77035.000000,22965.000000,26,191847.739282,1230721086.969237,2185.451738,0.752408,1,0,1,0.017806
601,71604.000000,28396.000000,23,200296.533165,1828577679.495168,2865.784685,0.563269,1,0,1,0.015937
602,80275.000000,19725.000000,29,198379.086721,1466419202.838199,2104.674112,0.659120,1,0,1,0.013894
603,79147.000000,20853.000000,28,176455.398787,1491315363.445931,2079.058159,0.771484,1,0,1,0.014381
604,70866.000000,29134.000000,23,143421.757675,640819768.519152,2074.680925,0.899477,1,0,1,0.038992
605,73132.000000,26868.000000,26,166336.048948,2361419322.166269,2121.535718,0.910143,1,0,1,0.016938
606,100000.000000,1.000000,50,185969.234922,1157163467.206320,1491.093574,0.730260,1,0,0,0.000000
607,68660.000000,31340.000000,20,163971.850512,1453859572.173770,2597.956957,0.568501,1,0,1,0.013348
608,69654.000000,30346.000000,25,130212.994459,722472771.058104,1853.022119,0.822918,1,0,1,0.021624
609,78897.000000,21103.000000,29,164317.792508,1995884083.905340,2145.375088,0.760487,1,0,1,0.013415
610,79598.000000,20402.000000,27,150567.182738,498372836.343718,1749.066302,0.882288,1,0,1,0.017406
611,77198.000000,22802.000000,27,179595.564972,1388826890.854393,2197.960405,0.641297,1,0,1,0.013939
612,71770.000000,28230.000000,24,154322.626082,1391238528.936128,1940.161200,0.678712,1,0,1,0.016420
613,79220.000000,20780.000000,31,190404.520485,1107716562.217579,2253.988491,0.531255,1,0,1,0.017039
614,77887.000000,22113.000000,28,170864.099571,1111722792.223808,2318.904872,0.772383,1,0,1,0.025180
615,81938.000000,18062.000000,30,174594.479062,1222769773.242324,1894.781533,0.710150,1,0,1,0.018599
616,80650.000000,19350.000000,31,172099.352044,1099239589.652445,2057.214864,0.756876,1,0,1,0.021269
617,89700.000000,10300.000000,42,199680.865338,1461197697.212492,1682.900861,0.646433,1,0,0,0.002330
618,73242.000000,26758.000000,24,180598.648048,1489328233.567493,2108.197953,0.614282,1,0,1,0.012834
619,72688.000000,27312.000000,25,176155.879538,1323191624.325133,2369.618828,0.601505,1,0,1,0.020588
620,76469.000000,23531.000000,28,180207.047934,1504092808.215964,2095.199175,0.681363,1,0,1,0.012435
621,71672.000000,28328.000000,22,174379.707495,1501096586.099091,1976.141951,0.715513,1,0,1,0.024851
622,68725.000000,31275.000000,22,170120.148527,1352096226.310144,2488.046587,0.548956,1,0,1,0.013594
623,79162.000000,20838.000000,31,197558.762529,1584112079.424770,2501.539769,0.777120,1,0,1,0.019403
624,89911.000000,10089.000000,39,205991.179412,1302824485.248252,2277.726272,0.645461,1,0,1,0.016568
625,77611.000000,22389.000000,28,180530.734461,1403305288.971056,2147.516434,0.661701,1,0,1,0.031699
626,81698.000000,18302.000000,31,203334.922271,1443629780.166724,2249.982014,0.637188,1,0,1,0.015033
627,72028.000000,27972.000000,23,171784.967727,1370696584.732005,2277.510513,0.636826,1,0,1,0.042873
628,79062.000000,20938.000000,29,189557.758600,1000326380.152553,2255.129865,0.624592,1,0,1,0.013117
629,71878.000000,28122.000000,26,181738.123595,1389815339.817859,2407.716542,0.623479,1,0,1,0.013015
630,77863.000000,22137.000000,28,171458.692888,902063629.124393,2053.764418,0.776237,1,0,1,0.031518
631,81649.000000,18351.000000,31,196415.516992,1344476800.773837,1968.278368,0.611655,1,0,1,0.019319
632,79246.000000,20754.000000,28,192923.542264,1079939994.516450,2072.250068,0.654644,1,0,1,0.031663
633,80299.000000,19701.000000,30,171424.730710,1165858769.295754,2016.759510,0.788119,1,0,1,0.022819
634,81032.000000,18968.000000,30,209343.489058,1674119370.435104,2326.764177,0.569005,1,0,1,0.012883
635,72982.000000,27018.000000,24,195917.315971,1359460363.416943,2433.272775,0.618404,1,0,1,0.015309
636,74481.000000,25519.000000,27,179022.640763,1334910025.338895,2448.855486,0.658096,1,0,1,0.018418
637,90980.000000,9020.000000,42,198971.153558,2198589311.184167,1824.340863,0.615444,1,0,1,0.011818
638,77530.000000,22470.000000,23,187877.475367,986164838.987837,2175.552887,0.728408,1,0,2,0.015125
639,71421.000000,28579.000000,23,197459.898892,1137556788.325355,2667.903923,0.511427,1,0,1,0.042951
640,72032.000000,27968.000000,25,158008.645828,1579948017.368133,2134.016833,0.665685,1,0,1,0.012490
641,77975.000000,22025.000000,30,179701.895119,1011806134.866852,2195.883718,0.720456,1,0,1,0.027407
642,84311.000000,15689.000000,35,206131.596595,1422583991.181410,2338.111208,0.689377,1,0,1,0.019488
643,71941.000000,28059.000000,25,175102.037990,924478445.431293,2637.107368,0.746184,1,0,1,0.018962
644,83606.000000,16394.000000,31,175292.783423,1166823727.316094,1704.336435,0.830321,1,0,1,0.035581
645,77236.000000,22764.000000,30,183419.912974,1275646991.340914,2097.099547,0.772796,1,0,1,0.020360
646,75593.000000,24407.000000,26,187339.519330,1319563024.803183,2072.806618,0.656094,1,0,1,0.014216
647,79162.000000,20838.000000,31,167674.535585,856117851.103759,2059.033975,0.775362,1,0,1,0.017637
648,74873.000000,25127.000000,26,171373.086460,989249025.120708,2033.824395,0.652760,1,0,1,0.020432
649,83033.000000,16967.000000,36,192523.115910,1316609608.230255,1936.613660,0.679173,1,0,1,0.010380
650,76617.000000,23383.000000,29,186422.724569,1604977013.609440,1914.022922,0.608183,1,0,1,0.018418
651,79880.000000,20120.000000,28,188639.668503,1549142032.838139,2098.644097,0.568461,1,0,1,0.013936
652,77478.000000,22522.000000,29,205648.494321,1678770378.884776,2229.042747,0.547390,1,0,1,0.012557
653,80562.000000,19438.000000,31,209529.524254,1766847358.116024,1876.022805,0.608626,1,0,1,0.017655
654,88903.000000,11097.000000,39,192325.588614,1181385804.545168,1778.899967,0.671597,1,0,1,0.010152
655,86448.000000,13552.000000,36,211030.929619,1580030281.730967,2186.262159,0.636851,1,0,1,0.009057
656,72779.000000,27221.000000,24,162899.704534,951858111.576578,2015.003417,0.505378,1,0,1,0.021009
657,84136.000000,15864.000000,33,184300.353974,867092947.993133,1824.550795,0.638828,1,0,2,0.017462
658,74571.000000,25429.000000,26,175782.471134,1010433173.560820,1946.984840,0.605457,1,0,1,0.011527
659,76460.000000,23540.000000,30,158339.374461,809292368.776367,1843.859658,0.682257,1,0,1,0.022350
660,77305.000000,22695.000000,26,188034.366687,1148290088.299470,2042.569760,0.603962,1,0,2,0.019307
661,76537.000000,23463.000000,28,195411.877619,1770851473.602629,2271.350662,0.589403,1,0,2,0.040616
662,72594.000000,27406.000000,24,173690.495248,1022918571.680139,2127.469344,0.623102,1,0,1,0.020678
663,70128.000000,29872.000000,22,165118.535564,981425124.824146,2316.531464,0.633945,1,0,1,0.018182
664,74642.000000,25358.000000,27,196930.012656,1025218151.223259,2433.842235,0.522272,1,0,2,0.011302
665,76051.000000,23949.000000,28,181883.892001,1102855784.913996,2014.603000,0.791016,1,0,2,0.027267
666,79978.000000,20022.000000,31,183023.967000,1464400286.650063,1982.234015,0.659243,1,0,2,0.012099
667,80658.000000,19342.000000,30,198226.855608,1139394819.828436,2167.867495,0.643510,0,1,2,0.014131
668,74356.000000,25644.000000,25,159166.436797,607188754.330109,1966.117505,0.738372,0,1,2,0.025630
669,79606.000000,20394.000000,30,171797.354557,1269613438.239215,1952.736923,0.703047,0,1,1,0.011735
670,79114.000000,20886.000000,28,167006.862502,1636494627.228091,1770.746839,0.943805,0,1,1,0.019637
671,75071.000000,24929.000000,27,198540.833384,1707972639.790520,2308.641863,0.549924,0,1,1,0.024701
672,78456.000000,21544.000000,28,198301.567200,1289164283.790016,2075.331531,0.639356,0,1,2,0.014844
673,75258.000000,24742.000000,27,174295.951690,1198681052.355918,2127.233732,0.685020,0,1,1,0.016304
674,79383.000000,20617.000000,29,184013.797613,1570044732.657486,2012.919858,0.573074,0,1,2,0.021716
675,75481.000000,24519.000000,27,174021.456352,787932846.784931,2304.233849,0.575867,0,1,1,0.015174
676,77064.000000,22936.000000,28,189582.741835,1440322347.018337,2246.317223,0.643323,0,1,1,0.027960
677,78508.000000,21492.000000,29,170619.675714,1231409501.834700,1922.794686,0.627407,0,1,2,0.026142
678,81612.000000,18388.000000,33,187775.797793,1356542240.148057,2056.235756,0.707921,0,1,1,0.018284
679,69965.000000,30035.000000,22,190138.475910,1103207114.884331,2482.710689,0.721024,0,1,2,0.013681
680,75014.000000,24986.000000,25,200752.977322,2009811179.971162,2647.513478,0.545966,0,1,2,0.021657
681,82050.000000,17950.000000,35,214538.192038,1910549987.120700,2167.574180,0.552121,0,1,1,0.014141
682,72353.000000,27647.000000,23,189520.864983,1449898078.417680,2632.383655,0.530717,0,1,2,0.018175
683,78689.000000,21311.000000,28,198302.645188,1720314990.843065,2200.772832,0.739109,0,1,2,0.015851
684,78703.000000,21297.000000,28,183514.814301,977269104.266521,2421.811688,0.594501,0,1,1,0.017660
685,75056.000000,24944.000000,26,173157.015693,730507936.553504,2069.717938,0.597411,0,1,1,0.022585
686,75061.000000,24939.000000,27,196758.618356,1390853613.770043,2223.405748,0.559449,0,1,2,0.011202
687,76352.000000,23648.000000,28,192195.413215,1228395598.777128,2110.542049,0.705558,0,1,1,0.031769
688,78216.000000,21784.000000,29,190788.207519,1234417420.624104,2265.850365,0.577188,0,1,2,0.014876
689,74507.000000,25493.000000,25,184795.429020,1268043931.299350,2382.049952,0.576219,0,1,1,0.018631
690,64594.000000,35406.000000,21,163400.918295,1419075087.820200,2822.959148,0.592998,0,1,1,0.046088
691,74801.000000,25199.000000,24,164699.291973,1025094715.842054,1898.357332,0.782253,0,1,1,0.020775
692,71298.000000,28702.000000,23,140037.531610,492378714.823732,1960.182408,0.649892,0,1,2,0.015001
693,73924.000000,26076.000000,24,189229.012429,2001618296.675384,2223.536735,0.525952,0,1,1,0.021143
694,73453.000000,26547.000000,26,187281.656828,1475157826.281399,2482.410689,0.576075,0,1,1,0.033252
695,79988.000000,20012.000000,27,189959.086908,1152250727.985371,2049.534828,0.771517,0,1,1,0.020162
696,73789.000000,26211.000000,25,183566.621564,1116084499.801411,2079.645868,0.660789,0,1,1,0.016163
697,68444.000000,31556.000000,20,185701.239418,1474867195.760035,2727.631193,0.498103,0,1,1,0.027908
698,73553.000000,26447.000000,25,198935.750162,1514702553.142364,2304.587615,0.496861,0,1,1,0.021387
699,71687.000000,28313.000000,22,192759.334610,1591554588.118683,2048.692254,0.551388,0,1,1,0.028164
700,79712.000000,20288.000000,30,171407.426110,937984854.958267,1649.696489,0.774217,0,1,1,0.013356
701,95526.000000,4474.000000,47,215828.431446,1955964027.464817,1982.578558,0.683316,0,1,1,0.013401
702,75215.000000,24785.000000,28,176133.160736,1195244218.959724,2055.972449,0.656128,0,1,1,0.026895
703,79073.000000,20927.000000,29,174968.193414,921790240.497770,1768.565999,0.718888,0,1,1,0.029897
704,75773.000000,24227.000000,27,180434.692363,1251090011.066628,2090.722636,0.592697,0,1,4,0.019854
705,76540.000000,23460.000000,28,153029.953451,869568525.446056,1570.245739,0.697649,0,1,1,0.015080
706,68069.000000,31931.000000,22,135073.310291,669373085.623001,1998.689655,0.792858,0,1,1,0.015634
707,76614.000000,23386.000000,28,192465.789481,1586902822.413315,1981.407080,0.626138,0,1,2,0.023678
708,74846.000000,25154.000000,29,171489.816478,1667116532.169235,1933.303259,0.611277,0,1,1,0.021332
709,81522.000000,18478.000000,30,158711.674176,935348981.394801,1599.218494,0.699594,0,1,1,0.024502
710,70994.000000,29006.000000,24,117137.102668,500886732.592626,1622.427490,0.865916,0,1,1,0.017583
711,81258.000000,18742.000000,32,163464.275301,990107310.571112,1886.826745,0.795435,0,1,2,0.017845
712,81974.000000,18026.000000,34,171095.725362,1273422601.508163,1964.909928,0.942891,0,1,2,0.011201
713,89596.000000,10404.000000,37,197410.377282,1622792312.121316,2042.960567,0.622489,0,1,1,0.014844
714,72468.000000,27532.000000,25,159051.020910,802426520.347106,1885.203026,0.714935,0,1,1,0.010053
715,88238.000000,11762.000000,41,190069.006001,1743158248.422825,1673.908122,0.791104,0,1,2,0.007736
716,75517.000000,24483.000000,29,154174.323647,1682392227.024526,1594.097506,0.740944,0,1,1,0.011594
717,79860.000000,20140.000000,30,139942.425190,605168009.342310,1722.109325,0.882798,0,1,1,0.021409
718,79478.000000,20522.000000,31,167298.378098,1638425632.639037,1638.368622,0.809720,0,1,1,0.016230
719,78000.000000,22000.000000,30,188810.613911,1579110189.437976,2452.053857,0.567447,0,1,2,0.016046
720,77472.000000,22528.000000,27,213540.543900,1466777733.473298,2609.116596,0.478353,0,1,1,0.017018
721,69461.000000,30539.000000,22,157403.451194,776917028.453497,2071.478753,0.597459,0,1,2,0.022024
722,76596.000000,23404.000000,28,205399.462704,1469074309.196378,2713.897982,0.485549,0,1,1,0.020863
723,79448.000000,20552.000000,29,196600.109540,1522559359.238478,2023.916705,0.709235,0,1,2,0.010194
724,78118.000000,21882.000000,30,200003.959601,1344187968.421249,2460.660776,0.593707,0,1,1,0.020993
725,73379.000000,26621.000000,24,195070.001605,1120553549.009539,2555.512100,0.548787,0,1,1,0.031116
726,78056.000000,21944.000000,28,187476.753563,1126078531.743322,1911.205808,0.611332,0,1,1,0.017606
727,66321.000000,33679.000000,20,205563.611620,1837067054.195529,3187.025474,0.584646,0,1,1,0.015468
728,74158.000000,25842.000000,23,189169.443578,1562428636.110821,2270.036958,0.687177,0,1,1,0.017708
729,75214.000000,24786.000000,24,190339.849755,1594534160.118161,2526.921757,0.562750,0,1,2,0.020183
730,73888.000000,26112.000000,26,183494.600953,1505330328.524554,2055.918407,0.641824,0,1,1,0.018054
731,82880.000000,17120.000000,33,209714.830190,2096947381.466882,2227.914656,0.591303,0,1,1,0.010596
732,85161.000000,14839.000000,35,233114.873940,1704785380.996793,2243.027686,0.529881,0,2,2,0.023053
733,72336.000000,27664.000000,23,222329.824805,1679077291.579027,2953.674964,0.393343,0,2,1,0.017769
734,83859.000000,16141.000000,32,234525.409743,1528443433.185604,2594.851860,0.460408,0,2,1,0.020296
735,75127.000000,24873.000000,28,224745.125315,1738739940.238785,2728.819793,0.431075,0,2,1,0.018884
736,77631.000000,22369.000000,28,229997.172866,1639484330.312121,2554.239898,0.513078,0,2,1,0.020247
737,71268.000000,28732.000000,26,233296.188500,1317794962.643578,3043.286719,0.401150,0,2,2,0.019801
738,70065.000000,29935.000000,24,229692.203304,1688274474.300666,2875.655051,0.528187,0,2,1,0.029823
739,68185.000000,31815.000000,18,63861.946339,412194911.699185,854.641967,1.209464,0,2,2,0.010838
740,76888.000000,23112.000000,26,188495.106266,1387629071.165025,2302.912702,0.655493,0,2,1,0.009819
741,94018.000000,5982.000000,46,210957.403793,2346492249.611815,1888.861518,0.664145,0,2,1,0.019305
742,72100.000000,27900.000000,26,186433.370616,1856710397.199891,2768.625530,0.592646,0,2,2,0.016845
743,81849.000000,18151.000000,31,195667.382264,1206186373.445762,1848.616962,0.648723,0,2,2,0.016212
744,73167.000000,26833.000000,22,192849.804419,1332728725.065988,2147.238681,0.535201,0,2,1,0.016267
745,73257.000000,26743.000000,21,212765.820577,1426485559.816216,2767.638904,0.492566,0,2,2,0.018792
746,76582.000000,23418.000000,26,215983.810111,1641843460.767134,2277.049300,0.554679,0,2,2,0.015348
747,73327.000000,26673.000000,25,202349.988708,1443427176.043043,2913.368531,0.628977,0,2,2,0.018833
748,97133.000000,2867.000000,48,221195.200144,1879411402.038877,2195.953040,0.751850,0,2,0,-0.000000
749,94405.000000,5595.000000,45,203027.304600,1411885385.106781,1672.913612,0.652106,0,2,2,0.004613
750,78788.000000,21212.000000,30,208130.374942,1735013414.363027,2338.022170,0.502092,0,2,2,0.014799
751,75112.000000,24888.000000,23,203522.645627,1279565368.330855,2731.917713,0.467329,0,2,2,0.020971
752,75977.000000,24023.000000,26,190106.275640,1643680939.440660,2545.476909,0.567770,1,1,2,0.014937
753,77449.000000,22551.000000,26,212459.138409,1512164057.109894,2556.797178,0.461435,1,1,4,0.014491
754,81090.000000,18910.000000,29,226348.120037,1844426666.658746,2481.894161,0.445236,1,1,1,0.019255
755,72917.000000,27083.000000,27,219606.969079,1795104411.043687,2948.237729,0.504438,1,1,2,0.017672
756,65113.000000,34887.000000,21,213130.634152,2294701882.370380,3492.368869,0.411559,1,1,2,0.026283
757,66514.000000,33486.000000,21,201673.269953,1558250217.583817,3440.218804,0.478198,1,1,2,0.021548
758,73285.000000,26715.000000,24,216720.380126,1740886045.975983,2735.942409,0.448608,1,1,1,0.028666
759,73074.000000,26926.000000,25,200456.007478,1732313605.624733,2581.839469,0.511632,1,1,1,0.023086
760,70292.000000,29708.000000,22,202710.200261,1767224992.378926,2630.730264,0.439349,1,1,1,0.014686
761,72951.000000,27049.000000,25,218426.848074,1605536298.971955,2450.047592,0.498587,1,1,1,0.010062
762,75002.000000,24998.000000,25,216108.811083,1781009363.775630,2717.255829,0.515290,1,1,1,0.018400
763,69693.000000,30307.000000,23,211026.033292,1253223746.979373,2984.502742,0.469862,1,1,1,0.027503
764,71383.000000,28617.000000,25,148337.912827,898774577.875703,1805.090045,0.885446,2,1,1,0.012156
765,98379.000000,1621.000000,48,208753.569480,1587536089.190117,1559.540132,0.840732,2,1,3,0.014975
766,70147.000000,29853.000000,19,151079.571865,851203094.481765,1988.170809,0.825780,2,1,1,0.012206
767,78567.000000,21433.000000,28,162299.673682,1609244759.799129,1618.810126,0.958465,2,1,2,0.012276
768,85644.000000,14356.000000,34,158388.136645,1113650820.354233,1474.583466,1.064629,2,1,2,0.016267
769,76015.000000,23985.000000,27,159704.901881,857802626.507106,1717.065538,1.026278,2,1,2,0.014629
770,76814.000000,23186.000000,27,188493.374431,1418745110.609667,1956.109948,0.677223,2,1,1,0.022874
771,72433.000000,27567.000000,23,185771.755042,1424538983.831745,2442.535545,0.558051,2,1,2,0.023595
772,75645.000000,24355.000000,25,160284.804414,807120295.671873,1831.944435,0.827673,2,1,1,0.021831
773,82729.000000,17271.000000,32,188240.475176,1832840852.702738,2286.534164,0.585240,2,1,1,0.010799
774,74532.000000,25468.000000,29,184955.998139,1888577008.478514,2490.164057,0.557878,2,1,2,0.017861
775,68904.000000,31096.000000,20,139138.682691,556186856.724553,1984.145420,0.705780,2,1,1,0.020895
776,78312.000000,21688.000000,25,194230.142824,1456750269.564115,2273.577798,0.641409,2,1,1,0.015075
777,81426.000000,18574.000000,30,173115.141870,1006595884.483759,1998.026907,0.755486,2,1,1,0.030680
778,73276.000000,26724.000000,25,173469.426752,1112803223.051349,2035.920870,0.641079,2,1,1,0.015868
779,73797.000000,26203.000000,25,178592.811222,1251040851.031279,2735.258776,0.813808,2,1,2,0.014467
780,76738.000000,23262.000000,26,171248.323600,1260287668.274681,1952.068717,0.708027,2,1,3,0.018079
781,70340.000000,29660.000000,21,146883.132565,542183312.162971,2148.759939,0.715373,2,1,3,0.014646
782,100000.000000,1.000000,50,214943.572825,1737910821.017767,1932.791287,0.640440,2,1,1,0.000000
783,70815.000000,29185.000000,24,163658.273751,918735485.327749,2080.637885,0.729866,2,1,2,0.026188
784,79301.000000,20699.000000,25,194335.279082,1367382185.248891,2336.871409,0.619085,2,1,3,0.015797
785,75261.000000,24739.000000,25,169015.300606,2111630194.454076,1912.893325,0.717393,2,1,2,0.028494
786,86386.000000,13614.000000,36,181399.093187,1546727536.730347,1794.436933,0.665272,2,1,2,0.024722
787,80825.000000,19175.000000,31,174436.398303,933277014.968092,2136.494670,0.690757,2,1,2,0.022426
788,74633.000000,25367.000000,24,163339.672804,615849773.573879,2013.429151,0.800252,2,1,2,0.015877
789,81221.000000,18779.000000,32,196135.195285,1385246462.623699,2396.170510,0.598064,2,1,2,0.027442
790,73577.000000,26423.000000,26,186599.102430,1638724990.115623,2549.640324,0.600028,2,1,1,0.012642
791,81458.000000,18542.000000,33,188865.738747,1557202381.013652,1999.703224,0.785567,2,1,2,0.022901
792,73037.000000,26963.000000,27,172500.929786,1393047134.795022,1992.856830,0.776699,1,2,4,0.019933
793,75961.000000,24039.000000,25,179941.977129,1463211225.201049,2311.277701,0.719626,1,2,2,0.020998
794,71427.000000,28573.000000,24,182129.089302,1429715399.779062,2573.999053,0.631560,1,2,2,0.015460
795,71345.000000,28655.000000,25,157736.847190,1032989300.619223,2037.048073,0.811719,1,2,4,0.010439
796,76908.000000,23092.000000,26,185889.113702,1233123699.191297,1978.839967,0.807848,1,2,2,0.022960
797,74314.000000,25686.000000,26,182171.475099,1824978858.592723,2483.464835,0.764687,1,2,2,0.016262
798,81622.000000,18378.000000,32,165238.259896,1293532967.534175,1718.168600,0.787235,1,2,6,0.011041
799,74182.000000,25818.000000,28,150494.955619,568076368.228226,1681.970511,0.939869,1,2,4,0.027291
800,77388.000000,22612.000000,27,165269.110702,918640864.867726,1863.024012,0.732523,1,2,2,0.015944
801,79665.000000,20335.000000,31,196844.419277,1196566943.405511,2067.595539,0.640230,1,2,2,0.018538
802,78446.000000,21554.000000,29,176999.523187,1952637927.839559,1961.947392,0.736299,1,2,1,0.022865
803,75016.000000,24984.000000,25,160401.875512,1208287140.152515,2166.844747,0.740527,1,2,2,0.014304
804,65794.000000,34206.000000,20,171595.755293,1144651960.214289,2719.599060,0.609853,1,2,2,0.014679
805,94084.000000,5916.000000,44,187814.199106,1202971182.984206,1625.376992,0.772420,1,2,2,0.008626
806,80611.000000,19389.000000,31,199510.697510,1800126229.252879,2451.052405,0.705596,1,2,2,0.012531
807,81057.000000,18943.000000,30,196929.606752,1473652507.321217,1911.665060,0.660034,1,2,2,0.012735
808,72839.000000,27161.000000,25,150874.054787,1151819000.423639,2145.038358,0.763960,1,2,2,0.016658
809,78368.000000,21632.000000,29,148526.807863,1482706497.276847,1757.579215,0.865919,1,2,2,0.020980
810,78048.000000,21952.000000,30,194008.102567,1136737743.065309,2134.304546,0.597846,1,2,3,0.023674
811,75633.000000,24367.000000,28,168608.002824,1418047171.493078,2321.228976,0.715119,1,2,1,0.009993
812,83407.000000,16593.000000,31,199809.319182,1143180092.177574,2041.357333,0.895188,1,2,2,0.012701
813,77994.000000,22006.000000,29,178778.783964,1446781681.805297,1968.375944,0.684586,1,2,2,0.021185
814,72800.000000,27200.000000,24,151602.098090,715116344.915058,1783.834982,0.884548,1,2,2,0.034840
815,77084.000000,22916.000000,29,176467.596192,1122796579.467121,2298.481328,0.832675,1,2,2,0.016633
816,71343.000000,28657.000000,25,169051.527680,1494830454.985014,2190.331783,0.782612,1,2,1,0.010251
817,75443.000000,24557.000000,27,168291.934311,854152394.299259,1901.201851,0.710777,1,2,2,0.013710
818,76026.000000,23974.000000,27,171529.731631,1120427660.682651,2153.384102,0.863222,1,2,2,0.011866
819,73387.000000,26613.000000,25,157199.721937,686262264.151836,1986.204791,0.815869,1,2,2,0.016409
820,75950.000000,24050.000000,26,181206.013466,1514990951.224612,2172.387210,0.730492,1,2,2,0.016095
821,82337.000000,17663.000000,33,171386.328149,1403379697.029289,1846.228931,0.797401,1,2,2,0.018603
822,75634.000000,24366.000000,30,188963.320478,1991689021.669661,2210.841388,0.622502,1,2,1,0.027764
823,83179.000000,16821.000000,33,179837.001763,1415231226.858218,1697.012154,0.929409,1,2,2,0.017286
824,75181.000000,24819.000000,25,174142.965295,1602478967.704197,2186.878282,0.749307,1,2,2,0.020747
825,70545.000000,29455.000000,20,174891.195519,1286072703.288705,2671.836431,0.608701,1,2,1,0.021849
826,72841.000000,27159.000000,25,164594.155789,679896375.942345,2178.837953,0.922053,1,2,2,0.014726
827,70944.000000,29056.000000,23,165659.488898,1417007993.097353,2048.366902,0.841572,3,1,2,0.014757
828,82866.000000,17134.000000,34,171076.471662,967039385.432279,1896.024721,0.847922,3,1,2,0.016173
829,76990.000000,23010.000000,32,187784.957265,2147559919.147579,2745.829446,0.751966,3,1,1,0.009075
830,71065.000000,28935.000000,25,148133.508780,634568544.038830,1946.589419,0.804705,3,1,2,0.014409
831,74825.000000,25175.000000,25,144247.171268,1119224264.691602,1608.320014,0.953801,3,1,2,0.022719
832,75594.000000,24406.000000,28,144928.528142,1279041544.827289,1779.412951,0.770106,3,1,1,0.019965
833,82678.000000,17322.000000,36,173052.129247,1426575385.062723,1870.107204,0.833825,3,1,3,0.014285
834,83085.000000,16915.000000,31,197827.919096,1901291867.420854,2288.459392,0.855475,3,1,2,0.014705
835,88572.000000,11428.000000,39,185976.167364,1626952523.022937,1802.374119,0.762971,3,1,3,0.014993
836,81116.000000,18884.000000,28,178488.333100,1433770490.028119,1980.040952,0.783558,3,1,2,0.013312
837,91393.000000,8607.000000,40,188231.310062,1678788724.882157,1734.755946,0.929042,3,1,1,0.013963
838,74475.000000,25525.000000,24,177864.228680,1137548959.154434,2359.894276,0.614327,3,1,1,0.010990
839,75903.000000,24097.000000,27,174774.523970,1504604583.970259,2219.385704,0.848897,3,1,2,0.015726
840,67237.000000,32763.000000,16,157441.655826,749700765.580721,2440.527244,0.703551,3,1,3,0.012346
841,75305.000000,24695.000000,26,158694.410171,1381864459.047799,1868.033246,0.687370,3,1,2,0.033245
842,79349.000000,20651.000000,30,173709.441107,1046840464.208951,2228.166989,0.869276,3,1,2,0.017018
843,74874.000000,25126.000000,25,178186.203147,1177948435.637560,2204.996542,0.747100,3,1,2,0.020289
844,73691.000000,26309.000000,26,171805.616657,1545686603.777230,2269.173824,0.737147,3,1,2,0.014825
845,75480.000000,24520.000000,28,184073.539053,1142178336.149261,2436.267718,0.672436,3,1,2,0.014848
846,74937.000000,25063.000000,26,165981.554029,1311410686.966382,1980.756518,0.775616,3,1,2,0.023835
847,74271.000000,25729.000000,26,175689.876444,1182847519.162623,1871.463397,0.772544,3,1,1,0.026542
848,75141.000000,24859.000000,27,146495.341563,634389020.652225,1927.857612,0.819240,3,1,2,0.012043
849,75712.000000,24288.000000,25,158101.233091,937604209.715278,1817.341863,0.745488,3,1,3,0.014848
850,70022.000000,29978.000000,24,130467.806543,545588291.303062,1606.165564,0.839504,3,1,3,0.017904
851,88979.000000,11021.000000,35,202223.911216,1393117460.755605,2258.245580,0.837796,3,1,2,0.021641
852,76280.000000,23720.000000,26,158236.890610,604491962.445834,1809.086890,0.834637,3,1,2,0.014382
853,75898.000000,24102.000000,28,134581.546953,852005043.763399,1626.215184,0.981027,4,1,3,0.024301
854,82602.000000,17398.000000,32,190847.486259,1512046908.387394,1909.573795,0.721165,4,1,1,0.019638
855,70456.000000,29544.000000,24,144064.237547,989769804.841547,1861.071881,0.831066,4,1,4,0.011248
856,68591.000000,31409.000000,22,152458.412092,771793446.287433,1946.392006,0.767782,4,1,3,0.016623
857,88794.000000,11206.000000,35,198091.054714,1288522974.591340,1866.596206,0.863843,4,1,1,0.016754
858,98276.000000,1724.000000,49,208946.365557,1754894239.838950,1657.766473,0.725367,4,1,0,0.000000
859,77699.000000,22301.000000,29,164012.693757,967123700.553894,2059.826934,0.788924,4,1,2,0.013577
860,98435.000000,1565.000000,49,198972.203697,1877231786.456459,1632.626832,0.832785,4,1,3,-0.000000
861,81032.000000,18968.000000,31,203415.102877,1414906581.941334,2208.072592,0.596031,4,1,2,0.011120
862,74218.000000,25782.000000,23,181871.457093,1004063139.786861,1997.390271,0.770713,4,1,2,0.013464
863,74331.000000,25669.000000,23,158247.727486,772105614.393414,2084.220239,0.789354,4,1,4,0.010276
864,75685.000000,24315.000000,28,195336.578497,1293968676.900450,2264.780145,0.624809,4,1,2,0.020956
865,70182.000000,29818.000000,23,149074.363504,615996843.808818,2109.889746,0.641894,4,1,2,0.021088
866,75150.000000,24850.000000,27,165922.791732,1209798373.838199,1871.377241,0.878204,2,1,2,0.023603
867,69146.000000,30854.000000,25,171332.420844,1422147190.605022,2067.440769,0.692729,2,1,2,0.018583
868,75596.000000,24404.000000,25,162369.156248,1097398556.456735,1947.398829,0.691233,2,1,3,0.016778
869,76873.000000,23127.000000,30,184058.796055,1268655383.200375,2223.923367,0.793826,2,1,2,0.014690
870,69164.000000,30836.000000,21,159120.499111,520962466.702467,2175.032796,0.860159,2,1,2,0.016544
871,75950.000000,24050.000000,26,160490.737354,1069860797.917295,1769.486672,0.757820,2,1,2,0.023827
872,77720.000000,22280.000000,28,173832.356591,1136315894.347109,2169.228467,0.815500,2,1,2,0.011349
873,73462.000000,26538.000000,24,141188.099616,622253625.734033,1593.829730,0.928233,2,1,2,0.017348
874,80291.000000,19709.000000,28,176258.840419,1476692255.672929,1882.174787,0.703476,2,1,2,0.016999
875,74989.000000,25011.000000,27,156724.341263,1171434115.787566,1963.887373,0.965496,2,1,2,0.017919
876,73991.000000,26009.000000,26,178813.416379,1413098643.550942,2031.928795,0.754783,2,1,2,0.016094
877,78959.000000,21041.000000,27,166643.471347,660786817.074987,1700.178257,0.745108,3,0,4,0.019207
878,82847.000000,17153.000000,36,185674.766672,1795897759.453904,1867.883505,0.761032,3,0,1,0.015349
879,81339.000000,18661.000000,29,164395.608101,756495506.191049,1794.982876,0.715418,3,0,2,0.013689
880,73968.000000,26032.000000,26,140842.793642,694053515.434703,1610.177727,0.908679,4,0,2,0.025765
881,86414.000000,13586.000000,38,139344.560279,689527991.663372,1273.888324,1.163857,4,0,1,0.011887
882,76749.000000,23251.000000,26,143582.687936,1447196483.746797,1707.185154,1.133690,4,0,2,0.022008
883,77694.000000,22306.000000,29,149310.489579,838458807.512817,1732.713619,1.117233,3,0,2,0.020211
884,74879.000000,25121.000000,27,147236.524286,563808307.977456,1995.743473,0.976081,3,0,2,0.017139
885,75302.000000,24698.000000,27,137935.488581,444047884.066140,1329.640922,0.926208,3,0,1,0.015434
886,83218.000000,16782.000000,31,181714.640844,2309727343.519976,1832.386127,1.169892,3,0,4,0.018987
887,75768.000000,24232.000000,27,177280.910437,1601744348.011619,1954.201888,0.821798,3,0,3,0.024996
888,81757.000000,18243.000000,33,169101.468473,1079831135.122255,1426.366771,0.965291,3,0,2,0.014314
889,78948.000000,21052.000000,29,192583.766167,1649150629.296713,2071.977593,0.993782,3,0,3,0.017828
890,78059.000000,21941.000000,26,189184.424282,1716702834.376267,2075.380053,0.948294,3,0,4,0.018169
891,79719.000000,20281.000000,29,191389.518351,1746833575.342352,2380.589508,0.892849,3,0,4,0.019783
892,72653.000000,27347.000000,25,167606.288771,1373243258.703372,2274.118533,1.207098,3,0,4,0.021130
893,78441.000000,21559.000000,29,156027.654591,635696614.776225,1717.208544,0.975653,3,0,4,0.017668
894,74098.000000,25902.000000,24,164817.029566,1052947193.142542,1680.858677,0.981302,3,0,2,0.023341
895,78450.000000,21550.000000,28,179600.553859,1423325646.213571,1897.926316,0.966205,3,0,2,0.018543
896,76149.000000,23851.000000,28,203142.918042,1819952663.730307,2396.569346,0.776775,3,0,2,0.027264
897,73769.000000,26231.000000,28,202838.473667,1639938310.984660,1919.077141,0.801952,3,0,2,0.013587
898,88060.000000,11940.000000,40,226564.854000,1928228311.398324,2093.231074,0.559778,3,0,2,0.006369
899,80145.000000,19855.000000,34,229071.003949,1776278191.297945,2515.924173,0.652318,3,0,5,0.008802
900,73721.000000,26279.000000,26,216442.010078,1909508089.897044,2324.639642,0.569456,3,0,2,0.024926
901,76583.000000,23417.000000,28,204888.141742,1405841263.375121,2587.248436,0.591068,3,0,2,0.014067
902,79207.000000,20793.000000,27,214813.842537,1614718850.538607,2254.884695,0.572219,3,0,4,0.025120
903,79337.000000,20663.000000,30,218408.441218,2233207672.222541,2491.879745,0.628489,3,0,2,0.019210
904,75309.000000,24691.000000,25,209877.401284,1449637420.762912,2443.578164,0.551360,3,0,2,0.016601
905,77706.000000,22294.000000,30,223867.320210,1668757783.509747,2045.685674,0.643017,3,0,2,0.023996
906,75575.000000,24425.000000,29,187059.248797,1837454243.422031,2030.078838,0.796330,3,0,2,0.023038
907,73565.000000,26435.000000,25,206258.546471,1782445691.248004,2555.715889,0.612223,3,0,2,0.018973
908,77085.000000,22915.000000,30,203350.214934,1230504690.180030,2109.674510,0.702132,3,0,4,0.014619
909,80116.000000,19884.000000,31,214265.559141,1975641214.242513,2287.111376,0.714480,3,0,3,0.014375
910,78127.000000,21873.000000,29,214087.972102,2209264374.249731,2649.785329,0.625870,3,0,2,0.021273
911,70538.000000,29462.000000,21,185032.588606,1505148549.683578,2690.324559,0.788915,3,0,2,0.016842
912,76043.000000,23957.000000,26,207654.655962,1449594382.719156,2100.123938,0.614028,3,0,2,0.021384
913,73377.000000,26623.000000,28,184061.562453,1737492484.565640,2178.321758,0.801927,3,0,2,0.014987
914,76301.000000,23699.000000,26,201561.898637,1807672901.368289,2003.074990,0.725458,3,0,3,0.020520
915,73559.000000,26441.000000,23,208621.134636,1846763265.932773,2255.517961,0.731213,3,0,2,0.021560
916,92401.000000,7599.000000,43,219490.921528,1948286617.175797,1844.886400,0.867372,3,0,3,0.003695
917,77258.000000,22742.000000,30,199460.017123,1441249059.043196,2272.664502,0.656591,3,0,2,0.040344
918,73150.000000,26850.000000,24,188018.931924,1222401826.284194,2265.147538,0.725725,3,0,2,0.017113
919,74050.000000,25950.000000,24,190201.898075,1565730207.828080,2425.028070,0.705742,3,0,3,0.018277
920,74653.000000,25347.000000,28,179487.420647,950518025.504880,2111.487612,0.726376,3,0,4,0.022641
921,73090.000000,26910.000000,24,175146.181473,996835674.969914,1785.409216,0.825870,3,0,4,0.015187
922,78316.000000,21684.000000,27,189197.699494,1046319318.053495,1842.063242,0.759525,3,0,2,0.012580
923,73054.000000,26946.000000,25,174542.136968,1090324321.015030,2112.636636,0.813643,3,0,3,0.013299
924,77425.000000,22575.000000,28,161734.912231,1377393386.154893,1743.498742,0.908166,3,0,2,0.012405
925,72300.000000,27700.000000,22,137437.598225,387755271.266291,1475.283865,1.023618,3,0,2,0.018497
926,77300.000000,22700.000000,29,153034.825487,832158413.693136,1784.800100,0.987219,3,0,4,0.023871
927,81081.000000,18919.000000,31,207041.363121,1401984252.323546,2022.978065,0.823371,3,0,3,0.012837
928,79205.000000,20795.000000,31,173174.684314,1818459474.825490,1648.150595,1.079744,3,0,3,0.015906
929,98135.000000,1865.000000,48,205173.977093,1278841673.796301,1486.902736,0.924592,3,0,1,0.009012
930,77488.000000,22512.000000,29,170501.038496,2012624394.416105,2072.825919,0.844521,3,0,2,0.008766
931,70499.000000,29501.000000,21,185639.255160,2044855085.463348,2511.819481,0.745310,3,0,2,0.016784
932,69922.000000,30078.000000,23,187620.756593,1464264152.967144,2240.555170,0.800358,3,0,2,0.018186
933,73087.000000,26913.000000,26,149130.503358,719774844.480927,1805.568785,0.841269,3,0,2,0.018504
934,84282.000000,15718.000000,37,206572.821926,1921243935.723632,2367.588298,0.776463,3,0,1,0.007419
935,77780.000000,22220.000000,29,181742.427122,1207868678.865636,2034.464061,0.833628,3,0,2,0.017672
936,74557.000000,25443.000000,25,183018.893207,1132808291.748806,2299.136336,0.591856,3,1,2,0.023680
937,78012.000000,21988.000000,27,198141.477145,1086997438.219772,2115.368688,0.651252,3,1,2,0.013911
938,86321.000000,13679.000000,39,213621.485206,2010695259.581843,2021.526691,0.575766,3,1,2,0.005877
939,75327.000000,24673.000000,25,187817.836597,1252896515.881500,2210.095217,0.636941,3,1,2,0.019501
940,80289.000000,19711.000000,26,183792.664124,1499727130.802598,1952.458908,0.788504,3,1,2,0.010274
941,76632.000000,23368.000000,27,185559.529195,1060613284.063263,1988.216355,0.609150,3,1,2,0.015633
942,80632.000000,19368.000000,31,211683.878071,1937881554.082069,2232.519077,0.516969,2,1,2,0.016104
943,79899.000000,20101.000000,31,211833.424521,1758806763.842318,2263.279647,0.494767,2,1,2,0.017439
944,81135.000000,18865.000000,32,211295.508123,1364721496.252652,2220.245891,0.491645,2,1,1,0.022630
945,74741.000000,25259.000000,25,208787.272352,1675571389.860536,2486.555365,0.503317,2,1,2,0.013423
946,77925.000000,22075.000000,26,192730.647783,1302948243.597840,2179.892968,0.557924,2,1,2,0.022207
947,75923.000000,24077.000000,29,197850.556586,1285150270.093789,2334.455462,0.510759,2,1,2,0.010935
948,82050.000000,17950.000000,32,204343.569615,1427217994.812025,2118.630297,0.583962,2,1,3,0.038027
949,86376.000000,13624.000000,35,208586.431213,1731176667.698895,2440.296897,0.585581,2,1,3,0.015968
950,73468.000000,26532.000000,22,195025.113788,1032443546.813099,2412.528109,0.487798,2,1,2,0.037868
951,90951.000000,9049.000000,38,216931.115784,2060638336.102379,2145.543510,0.507391,2,1,3,0.013989
952,76488.000000,23512.000000,26,193405.317708,1348527279.273293,2202.496906,0.494638,2,1,2,0.033158
953,77995.000000,22005.000000,29,195101.384449,977901247.116156,2154.910804,0.594608,2,1,2,0.025572
954,77353.000000,22647.000000,28,189086.112817,1163742626.266716,2244.511634,0.538492,2,1,3,0.013606
955,74809.000000,25191.000000,24,181382.230493,1155210878.715546,2229.882190,0.545055,2,1,2,0.019168
956,81044.000000,18956.000000,28,199334.163983,1167266543.262248,2249.510017,0.519322,2,1,2,0.017555
957,77912.000000,22088.000000,28,190117.873111,1459860452.312866,2107.949548,0.576803,2,1,2,0.021063
958,69086.000000,30914.000000,24,199464.285176,1312265786.841730,2540.532106,0.484718,2,1,2,0.040301
959,72765.000000,27235.000000,21,196448.310301,1163551140.114444,2603.162447,0.539185,2,1,2,0.020623
960,78263.000000,21737.000000,28,200366.071642,1316561198.780727,2217.312068,0.548747,2,1,2,0.011954
961,93941.000000,6059.000000,44,218989.772613,2024838236.210267,1927.993641,0.644889,2,1,1,0.004319
962,76114.000000,23886.000000,26,176456.950951,921203666.098288,2002.093621,0.632293,2,1,2,0.018000
963,82685.000000,17315.000000,31,202454.880388,2044207541.267063,1994.365510,0.668921,2,1,1,0.027540
964,82230.000000,17770.000000,31,199065.395493,1652615168.846402,2125.586935,0.546420,2,1,3,0.016034
965,93485.000000,6515.000000,46,215951.367470,1936002661.574342,1951.430267,0.598681,2,1,2,0.014745
966,76382.000000,23618.000000,26,190322.428047,1785904356.048836,2486.189634,0.566175,2,1,2,0.011567
967,96403.000000,3597.000000,46,216247.238877,1897949400.899759,1909.753913,0.598677,2,1,1,0.003631
968,77891.000000,22109.000000,29,209827.652366,1569952005.459410,2414.182484,0.522559,2,1,2,0.016531
969,75786.000000,24214.000000,25,192254.516022,1440821856.833799,2310.670738,0.502696,2,1,2,0.020067
970,80501.000000,19499.000000,30,190531.581836,1056638892.534541,2089.693277,0.621594,2,1,2,0.020723
971,74947.000000,25053.000000,26,196626.435517,1414253001.983928,2423.880120,0.563511,2,2,2,0.021011
972,76868.000000,23132.000000,26,215126.980738,1632810419.561286,2678.537324,0.511259,2,2,2,0.018291
973,72932.000000,27068.000000,24,201899.299837,1307432661.939399,2974.583800,0.483497,2,2,2,0.019612
974,69311.000000,30689.000000,23,192314.478450,1440231453.519422,2668.124188,0.436939,2,2,2,0.029529
975,68393.000000,31607.000000,23,188287.592754,1273293199.820506,2345.907132,0.491006,2,2,2,0.016965
976,73822.000000,26178.000000,24,183410.226835,1169774992.485991,2050.168360,0.586483,2,2,3,0.014589
977,82844.000000,17156.000000,33,201088.681609,1548917088.468707,1980.733260,0.633858,2,2,2,0.013948
978,70952.000000,29048.000000,22,189132.852381,1870396448.849982,2536.759900,0.608411,2,2,2,0.023483
979,78422.000000,21578.000000,27,196820.820261,1379776496.808233,2292.015400,0.563846,2,2,2,0.019607
980,74156.000000,25844.000000,27,194391.477715,1748717599.570698,2403.577811,0.483105,2,2,2,0.031159
981,98123.000000,1877.000000,47,215964.256928,1639974624.863026,1848.507027,0.592911,2,2,2,0.014795
982,73831.000000,26169.000000,25,191308.043686,1026194274.120490,2311.729175,0.608259,2,2,2,0.019314
983,78066.000000,21934.000000,30,197468.141329,1271854043.913146,2290.999627,0.487261,2,2,2,0.016920
984,77285.000000,22715.000000,27,204672.178109,1515857271.455861,2329.043414,0.564085,2,2,1,0.016487
985,78661.000000,21339.000000,28,210099.955742,1527462383.980152,2273.107822,0.599950,2,2,3,0.013594
986,78932.000000,21068.000000,30,186831.336828,1372936964.678798,2269.406357,0.543419,2,2,2,0.024806
987,73350.000000,26650.000000,27,204712.230612,1511057375.197618,2569.314166,0.461940,2,2,3,0.025683
988,77940.000000,22060.000000,29,187000.221838,1422742814.097322,1956.795714,0.641996,2,2,2,0.027054
989,77319.000000,22681.000000,28,199990.561387,1554264898.584460,2463.206060,0.559671,2,2,3,0.026001
990,77608.000000,22392.000000,27,202052.631343,1813033036.320523,2500.274750,0.530365,2,2,1,0.015404
991,74577.000000,25423.000000,26,202869.889303,1551299068.947675,2322.334581,0.548512,2,2,3,0.030009
992,81246.000000,18754.000000,33,212331.634722,1646969871.064835,2435.870431,0.440238,2,2,3,0.017631
993,85428.000000,14572.000000,34,200217.751612,1829860725.615328,2282.416307,0.554607,2,2,2,0.013176
994,72645.000000,27355.000000,25,185306.251874,1393240906.377445,2096.516650,0.584887,2,2,3,0.029276
995,73736.000000,26264.000000,25,177531.943303,1321844078.886613,2241.132065,0.644994,2,2,3,0.022196
996,77997.000000,22003.000000,28,199007.304932,1718429815.563844,2339.619450,0.518010,2,2,3,0.018693
997,94106.000000,5894.000000,44,217274.252691,2066185322.464436,2002.908240,0.572981,2,2,3,0.013893
998,82734.000000,17266.000000,30,195998.939499,1561740514.842461,2124.838906,0.547641,2,2,2,0.027376
999,77952.000000,22048.000000,29,208163.932069,1703867247.804324,2317.905240,0.533495,2,2,3,0.020825
1000,76610.000000,23390.000000,26,198204.253617,1233077771.784652,2397.269699,0.563194,2,2,2,0.020523
1001,80069.000000,19931.000000,30,189844.148246,1241940606.607614,2058.906462,0.625325,2,2,3,0.018964
1002,77516.000000,22484.000000,28,200803.938615,1684527471.622601,2505.563127,0.615720,2,2,3,0.015713
1003,76428.000000,23572.000000,26,191597.656485,1156585231.439867,2460.408974,0.515628,2,2,3,0.014765
1004,84237.000000,15763.000000,31,228957.713314,1743552899.365951,2137.096071,0.565066,4,3,2,0.017108
1005,69502.000000,30498.000000,24,213312.096478,1314581337.941786,3178.130718,0.472912,4,3,3,0.016409
1006,77396.000000,22604.000000,30,207725.751555,1566556895.512919,2455.269790,0.504087,4,3,3,0.024411
1007,76666.000000,23334.000000,27,214548.731064,1331504865.643628,2740.132899,0.445623,4,3,3,0.026606
1008,75852.000000,24148.000000,25,213871.965385,1431816691.185104,2465.824825,0.492592,4,3,3,0.039666
1009,79898.000000,20102.000000,30,215274.897378,1440686296.735292,2304.637737,0.567799,4,3,3,0.033645
1010,80676.000000,19324.000000,31,215895.688850,1413875698.546388,2376.747573,0.528409,4,3,1,0.036875
1011,76902.000000,23098.000000,27,200709.973419,1424411596.765063,2206.067168,0.533777,4,3,3,0.018397
1012,99535.000000,465.000000,49,223746.716898,1660250331.947735,1932.270052,0.613031,4,3,1,0.004607
1013,84093.000000,15907.000000,35,208780.012556,1372118512.681559,2348.597451,0.592961,4,3,3,0.020244
1014,78279.000000,21721.000000,28,222452.065563,1407061238.764124,2589.694183,0.515520,4,3,3,0.018766
1015,77907.000000,22093.000000,30,222627.479869,1181060767.879560,2434.707420,0.529243,4,3,4,0.029955
1016,77050.000000,22950.000000,29,190374.762046,1008546609.218504,2157.931071,0.504476,4,3,3,0.016106
1017,74879.000000,25121.000000,26,216475.148743,1131135477.782086,2641.664434,0.433628,4,3,3,0.026141
1018,82528.000000,17472.000000,33,220593.289608,1209163722.169990,2306.632647,0.446740,4,3,3,0.031924
1019,71768.000000,28232.000000,24,199358.619597,1285075785.465829,2552.853276,0.408625,4,3,3,0.022740
1020,76009.000000,23991.000000,26,206494.537240,1131230064.320187,2347.207640,0.494298,4,3,3,0.021129
1021,75061.000000,24939.000000,26,200289.778022,1410653543.329454,2326.661815,0.514599,4,3,3,0.017368
1022,83272.000000,16728.000000,33,221425.421432,1252765577.466044,2317.217272,0.463772,4,3,3,0.018188
1023,81311.000000,18689.000000,32,217554.849657,1332069543.388803,2568.643172,0.421590,4,3,3,0.029907
1024,77074.000000,22926.000000,30,212011.841908,1439122067.391708,2232.135543,0.475996,4,2,4,0.017890
1025,75374.000000,24626.000000,28,207375.371668,1172920756.122474,2416.741490,0.427304,4,2,4,0.016218
1026,84777.000000,15223.000000,35,212113.053224,1283431059.620538,1921.004097,0.611948,4,2,4,0.017600
1027,73163.000000,26837.000000,24,212203.368132,1623110740.258430,2766.310604,0.371578,4,2,4,0.017367
1028,78730.000000,21270.000000,26,211093.040782,1482344435.048796,2382.010409,0.484016,4,2,4,0.035754
1029,81050.000000,18950.000000,31,198838.360054,992440276.937745,2128.257119,0.554943,4,2,5,0.017013
1030,76442.000000,23558.000000,27,204968.679278,1103845081.174638,2501.803212,0.474380,4,2,3,0.021879
1031,81437.000000,18563.000000,32,208942.316296,1439872380.063809,2313.025746,0.421282,4,2,4,0.016736
1032,79305.000000,20695.000000,30,200439.023396,1186716831.890937,2334.385808,0.504396,4,2,3,0.035148
1033,75911.000000,24089.000000,29,212083.659079,1226454355.857176,2629.552417,0.449717,4,2,3,0.021973
1034,77986.000000,22014.000000,30,217651.956495,1308568129.311810,2297.476279,0.454276,4,2,3,0.027641
1035,79349.000000,20651.000000,28,206033.239484,1334296786.318547,2289.597296,0.497235,4,2,3,0.016263
1036,75949.000000,24051.000000,26,204704.063190,1565930420.142763,2258.181663,0.464523,4,2,3,0.021229
1037,78753.000000,21247.000000,29,214320.992262,1634419879.174464,2386.831633,0.476357,4,2,2,0.017346
1038,85509.000000,14491.000000,36,227765.020805,1321731323.424664,2489.858804,0.413366,4,2,3,0.013982
1039,87687.000000,12313.000000,38,229124.223351,1679088512.815407,2284.187291,0.507300,4,2,5,0.028182
1040,84687.000000,15313.000000,33,224618.311526,1475078204.036995,2407.181993,0.467827,4,2,4,0.012474
1041,74796.000000,25204.000000,25,220766.579617,1556047334.855966,2662.260159,0.497594,4,2,4,0.021851
1042,81029.000000,18971.000000,33,228625.825652,1353387701.706052,2480.683568,0.447023,4,2,3,0.018011
1043,77382.000000,22618.000000,29,221159.142246,1371991444.704479,2539.593832,0.448673,5,1,3,0.028331
1044,72821.000000,27179.000000,22,228779.765722,2129431598.840915,3373.479553,0.487941,5,1,4,0.020378
1045,67763.000000,32237.000000,20,231827.166982,2061722466.693642,3620.878221,0.464142,5,1,3,0.015655
1046,75778.000000,24222.000000,27,235318.543420,1572375916.147199,2607.344044,0.551387,5,1,3,0.018264
1047,62170.000000,37830.000000,17,233878.181105,1609504848.800070,4032.322757,0.437335,5,1,3,0.029757
1048,75274.000000,24726.000000,25,236261.399945,1566212868.461263,2762.977275,0.465250,5,1,4,0.014088
1049,77880.000000,22120.000000,29,227874.014227,1523188474.796239,2718.534283,0.443699,5,1,4,0.028758
1050,73098.000000,26902.000000,22,235413.659000,1482611803.490458,3552.416643,0.443126,5,1,3,0.014390
1051,89280.000000,10720.000000,43,236853.911923,1613549141.301358,2682.792282,0.567726,5,1,4,0.005459
1052,73559.000000,26441.000000,23,216809.251790,2271896884.240333,2564.410561,0.463542,5,1,4,0.018545
1053,76417.000000,23583.000000,26,230477.857092,1798784762.137262,2943.309755,0.486672,5,1,3,0.034292
1054,71628.000000,28372.000000,25,229207.543799,1456822160.743946,2671.210693,0.465890,5,1,2,0.057791
1055,78485.000000,21515.000000,31,204559.653385,1357137542.370469,2392.165989,0.569693,5,1,5,0.029825
1056,78464.000000,21536.000000,31,219727.559950,1484263765.538261,2739.987124,0.513285,5,1,2,0.023295
1057,81360.000000,18640.000000,33,228993.184567,1546879113.326307,2814.705391,0.502689,5,1,3,0.011184
1058,77617.000000,22383.000000,29,220099.237733,1920518958.919574,2534.344636,0.541369,5,1,5,0.018910
1059,94491.000000,5509.000000,44,231855.375111,1345239398.155619,1917.739896,0.558485,5,1,5,0.002019
1060,82483.000000,17517.000000,34,229899.191854,1589350780.504056,2561.601466,0.462351,5,1,4,0.018324
1061,79818.000000,20182.000000,30,225050.715428,1586180364.081857,2316.102710,0.527350,5,1,3,0.019572
1062,75433.000000,24567.000000,27,226573.395386,1667661596.987664,2927.571950,0.461561,5,1,3,0.026797
1063,74513.000000,25487.000000,28,222399.063948,1958940453.776268,3019.901028,0.468619,5,1,4,0.015861
1064,76103.000000,23897.000000,26,227601.826471,1469776142.946124,2929.973086,0.464173,5,1,4,0.023454
1065,81273.000000,18727.000000,30,227592.044453,1583082949.257473,2425.621947,0.457775,5,1,4,0.024147
1066,86269.000000,13731.000000,37,137723.025754,517426637.827043,1426.637207,0.975645,2,1,3,0.024099
1067,78178.000000,21822.000000,28,197524.798498,1356206316.671038,2034.783867,0.521242,2,1,3,0.016814
1068,78863.000000,21137.000000,29,156490.720498,631187196.910012,1957.567404,0.928224,2,1,3,0.022338
1069,76979.000000,23021.000000,28,168940.824258,759820491.596256,2032.083450,0.827966,2,1,3,0.019043
1070,86618.000000,13382.000000,39,209613.992887,1837320904.933280,2060.103474,0.662501,2,1,3,0.016493
1071,75101.000000,24899.000000,25,161564.208826,1177685352.575620,1887.554555,0.756412,2,1,3,0.021969
1072,81662.000000,18338.000000,32,193944.521178,1447693582.512963,1686.494158,0.689996,2,1,4,0.015557
1073,75036.000000,24964.000000,23,200843.014885,1665087408.507986,2287.797616,0.532886,2,1,4,0.025386
1074,76032.000000,23968.000000,25,213917.597945,1821207899.092772,2559.797796,0.397389,2,1,4,0.021628
1075,80585.000000,19415.000000,30,180447.529632,971800945.838273,2083.981334,0.656937,1,2,3,0.020153
1076,76099.000000,23901.000000,28,185945.950330,1219023848.734700,2341.909018,0.632752,1,2,5,0.017241
1077,76654.000000,23346.000000,26,164449.739140,1511238094.575078,1867.423880,0.689258,1,2,4,0.045841
1078,69357.000000,30643.000000,21,186262.495518,2037261780.570738,3207.360825,0.550889,1,2,3,0.028984
1079,78241.000000,21759.000000,26,177811.661137,1156577981.941236,1959.586369,0.665651,1,2,4,0.022624
1080,75482.000000,24518.000000,26,185494.631596,1049050349.161810,2191.907818,0.618326,1,2,6,0.030800
1081,75834.000000,24166.000000,26,186998.336815,1290623411.731359,2302.417170,0.634236,1,2,4,0.014697
1082,72019.000000,27981.000000,24,182088.515722,966311166.177042,2441.857162,0.660750,1,2,5,0.019199
1083,70372.000000,29628.000000,23,142907.773743,480177942.121962,2032.259825,0.766882,1,2,4,0.027499
1084,77468.000000,22532.000000,26,182200.955420,1472212871.154557,2248.597391,0.604307,1,2,4,0.013391
1085,71423.000000,28577.000000,25,182441.414466,1392484934.211059,2139.016425,0.490123,1,2,5,0.037194
1086,75279.000000,24721.000000,29,179741.324614,1401833742.348371,2086.211861,0.667422,1,2,5,0.023561
1087,83900.000000,16100.000000,35,193132.580014,1541748185.672626,2055.662527,0.664370,1,2,5,0.018206
1088,73729.000000,26271.000000,25,182292.310999,1891407864.595164,2376.592194,0.566760,1,2,5,0.039524
1089,82379.000000,17621.000000,33,201152.397418,2010735168.003584,2191.370874,0.494981,1,2,3,0.015638
1090,81819.000000,18181.000000,33,191301.481500,1490376757.173085,2014.978715,0.555654,1,2,5,0.026664
1091,85678.000000,14322.000000,38,205312.798437,1733534450.377194,2110.543796,0.555228,1,2,4,0.016038
1092,93698.000000,6302.000000,45,206388.403223,2244381519.557410,1832.341750,0.662520,1,2,3,0.006090
1093,77583.000000,22417.000000,26,186154.615578,1320986303.712236,2049.703457,0.572707,1,2,4,0.020283
1094,80644.000000,19356.000000,29,202355.825999,1281673297.291142,2518.166807,0.705182,1,2,5,0.021377
1095,77108.000000,22892.000000,31,201907.959870,1862135129.563021,2180.060352,0.575195,1,2,4,0.028450
1096,96048.000000,3952.000000,46,213453.662581,1709166882.990951,1973.573102,0.502338,1,2,2,0.002818
1097,79127.000000,20873.000000,30,181957.310706,1027171782.844969,1992.221318,0.699525,1,2,3,0.017260
1098,78935.000000,21065.000000,33,197136.781107,1941055479.685898,2910.742202,0.668745,1,2,5,0.014446
1099,74385.000000,25615.000000,25,189534.194886,1230105104.362805,2440.977740,0.630885,1,2,4,0.027938
1100,74286.000000,25714.000000,25,157339.190491,1012616578.443451,1858.339142,0.668492,1,2,3,0.020850
1101,80709.000000,19291.000000,31,182178.528509,1549515873.801352,1777.888031,0.630571,1,2,5,0.015582
1102,74232.000000,25768.000000,27,166632.426420,1301863258.636141,2429.794007,0.718021,1,2,3,0.016738
1103,80639.000000,19361.000000,33,180044.060546,1574636512.864891,1961.333831,0.748462,1,2,5,0.026416
1104,87314.000000,12686.000000,37,182247.206639,1060525089.282137,1794.444754,0.680720,1,2,5,0.012365
1105,75911.000000,24089.000000,27,161961.438274,762672828.371889,1920.120327,0.683486,1,2,3,0.017844
1106,72775.000000,27225.000000,26,188411.314603,1185852401.035026,2393.479191,0.559248,1,2,3,0.019609
1107,77119.000000,22881.000000,26,190670.080309,1314560757.145904,2255.160149,0.621890,1,2,3,0.033264
1108,76643.000000,23357.000000,27,169972.220744,1308012771.106371,1907.352990,0.678325,1,2,5,0.019604
1109,79779.000000,20221.000000,30,175805.935168,1246245544.939456,1973.067618,0.659645,1,2,3,0.015256
1110,75848.000000,24152.000000,27,204128.595225,1433867517.076977,2426.398007,0.501454,1,2,5,0.011151
1111,74462.000000,25538.000000,27,187475.683784,1432966331.416303,2113.174327,0.586231,1,2,3,0.019783
1112,80493.000000,19507.000000,29,168518.240746,870803597.659688,1606.975248,0.725706,1,2,5,0.015438
1113,67769.000000,32231.000000,23,165412.315040,1078441271.573042,2467.125608,0.589840,0,2,3,0.019543
1114,76811.000000,23189.000000,27,165522.988731,1155827578.535875,1898.368100,0.821469,0,2,3,0.017579
1115,72679.000000,27321.000000,25,190800.557935,1456101262.952940,2095.273334,0.505338,0,2,3,0.026420
1116,76649.000000,23351.000000,30,197893.587943,1386042720.534652,2344.154327,0.553551,0,2,3,0.015041
1117,80865.000000,19135.000000,31,191613.749314,1500830629.201034,1969.837704,0.701028,0,2,2,0.023677
1118,77073.000000,22927.000000,29,199021.100609,1299741705.091695,2313.464211,0.677860,0,2,3,0.019499
1119,78446.000000,21554.000000,30,169128.999336,1029882905.937971,1897.475952,0.771681,0,2,3,0.028277
1120,75382.000000,24618.000000,27,180550.765448,1055691893.269295,2174.221220,0.638263,0,2,3,0.029962
1121,76714.000000,23286.000000,29,182440.399397,1037069297.505709,2285.128170,0.574531,0,2,5,0.024860
1122,78007.000000,21993.000000,27,184082.053286,1158194971.641143,2055.586502,0.610161,0,2,5,0.018035
1123,78837.000000,21163.000000,30,177655.312903,1634819466.204336,1951.272048,0.640599,0,2,3,0.019256
1124,80980.000000,19020.000000,31,189804.791587,1227743354.712069,1939.388697,0.746274,0,2,5,0.017004
1125,88340.000000,11660.000000,35,194951.157693,1368826727.336327,1772.752574,0.738627,0,2,3,0.018282
1126,85569.000000,14431.000000,33,207539.669903,1405237457.480336,2201.509595,0.721672,0,2,5,0.009594
1127,81078.000000,18922.000000,32,192692.511767,1440363545.810180,2130.808022,0.649825,0,2,3,0.019599
1128,84223.000000,15777.000000,33,199002.021526,1771451040.821311,2095.008999,0.639180,0,2,3,0.017644
1129,77957.000000,22043.000000,29,208344.140040,1389127645.943506,2542.748458,0.512213,0,2,3,0.014969
1130,75789.000000,24211.000000,27,198882.066717,1100593542.637143,2241.071569,0.581700,0,2,5,0.016155
1131,80314.000000,19686.000000,32,188841.317906,1614536861.049139,2056.770071,0.588148,0,2,3,0.019300
1132,81241.000000,18759.000000,32,191322.038716,1265127255.532121,2064.535397,0.686588,0,2,3,0.018804
1133,79088.000000,20912.000000,30,199541.449722,1270974294.828626,2221.609273,0.694359,0,2,3,0.010638
1134,78723.000000,21277.000000,27,177262.045534,1224742438.354679,1833.379042,0.794804,0,2,3,0.021947
1135,82570.000000,17430.000000,30,194939.532730,1152971062.168764,2106.311392,0.576681,0,2,3,0.014059
1136,72482.000000,27518.000000,25,179533.148258,1842023140.770776,2708.057846,0.714089,0,2,3,0.011929
1137,84060.000000,15940.000000,35,173669.892485,1117641902.471235,1867.188429,0.754048,0,2,3,0.015311
1138,76830.000000,23170.000000,28,143518.439124,472910606.906865,1725.771799,0.874439,0,2,4,0.017832
1139,77374.000000,22626.000000,26,165547.980233,646240135.374556,1799.635578,0.793043,0,2,3,0.011360
1140,86732.000000,13268.000000,36,178431.737077,891989824.775368,1693.890183,0.835650,0,2,2,0.018378
1141,83529.000000,16471.000000,31,191563.864162,1137080742.847557,2272.274793,0.653530,0,2,5,0.012841
1142,77577.000000,22423.000000,29,186276.399123,1497456054.006253,2390.714727,0.688466,0,2,3,0.023502
1143,83825.000000,16175.000000,36,186855.679739,982993166.183591,1966.054755,0.682877,0,2,3,0.016480
1144,84804.000000,15196.000000,37,197090.684103,1495817307.516649,1796.527502,0.607811,0,2,2,0.014028
1145,83914.000000,16086.000000,35,190208.727293,1872670535.078946,2023.981677,0.601002,0,2,2,0.017501
1146,79659.000000,20341.000000,30,180351.139640,1638506869.522024,2341.043755,0.701365,0,2,3,0.024323
1147,80048.000000,19952.000000,32,168103.164150,988693485.699548,1957.836278,0.706801,0,2,3,0.014542
1148,77407.000000,22593.000000,28,159128.219822,1064813736.994488,1677.637020,0.830173,0,2,3,0.014439
1149,79313.000000,20687.000000,30,169664.141180,1244329081.309914,1880.875055,0.715705,0,2,3,0.012475
1150,73949.000000,26051.000000,26,195388.279009,1856520646.438641,2152.291953,0.629107,0,2,3,0.021751
1151,72102.000000,27898.000000,25,177598.701837,1673302622.417981,2619.199869,0.730425,0,2,3,0.021896
1152,76461.000000,23539.000000,27,166293.493875,1212590157.048083,1909.324319,0.821613,0,2,3,0.014920
1153,84172.000000,15828.000000,35,192518.415199,1625071961.095237,2286.355831,0.747769,0,2,2,0.019095
1154,84675.000000,15325.000000,35,191391.253843,1495056440.650523,1868.663363,0.689177,0,2,2,0.015726
1155,81199.000000,18801.000000,33,180657.609472,1271364802.569817,1865.400414,0.716062,0,2,3,0.011998
1156,76998.000000,23002.000000,28,188631.136429,1606378460.667959,1976.162961,0.656244,0,2,3,0.018079
1157,71977.000000,28023.000000,22,144679.524893,580465415.304906,1888.273545,0.685226,0,2,4,0.012583
1158,80005.000000,19995.000000,32,165499.497929,943726114.312793,1840.915327,0.724170,0,2,3,0.013375
1159,84605.000000,15395.000000,33,163341.786809,871416439.803857,1757.449380,0.992375,0,2,3,0.011517
1160,80614.000000,19386.000000,33,167482.729138,1092119402.532278,1670.502570,0.678999,0,2,2,0.014914
1161,76390.000000,23610.000000,28,181123.152474,992387391.800842,1733.708197,0.664394,0,2,3,0.010303
1162,81203.000000,18797.000000,29,181656.337472,1183269665.578889,1845.521468,0.712505,0,2,3,0.019758
1163,75647.000000,24353.000000,29,162219.345897,1058037586.903980,1903.189356,0.719634,0,2,3,0.023850
1164,80063.000000,19937.000000,30,143077.882728,541291400.107491,1551.137015,0.840135,0,2,3,0.022455
1165,78079.000000,21921.000000,32,172603.016075,1352418516.170501,1777.098100,0.813663,0,2,3,0.017878
1166,77805.000000,22195.000000,30,176613.391610,1755923563.782020,1817.716932,0.694527,0,2,5,0.018016
1167,74912.000000,25088.000000,27,173007.100820,1371235393.220801,2103.445322,0.612839,0,2,3,0.014021
1168,82978.000000,17022.000000,31,187382.223031,1110035691.216390,1867.157136,0.723526,0,2,5,0.012509
1169,74577.000000,25423.000000,25,153939.276371,1228281820.234396,1796.596338,0.783690,0,2,3,0.020412
1170,80242.000000,19758.000000,29,183241.650906,1550891121.088803,2003.430845,0.738462,0,2,3,0.011084
1171,77739.000000,22261.000000,29,169905.778351,1190619271.741924,1822.120833,0.707740,0,2,3,0.012871
1172,79642.000000,20358.000000,33,181748.047166,1768753955.185841,1927.142249,0.744994,0,2,2,0.017786
1173,83381.000000,16619.000000,33,190537.339241,1420834084.384366,2056.234981,0.698847,0,2,3,0.016821
1174,82385.000000,17615.000000,33,179577.178864,1186149066.785805,2100.992401,0.817204,0,2,5,0.026108
1175,78818.000000,21182.000000,30,182367.263875,1321471352.893406,2070.827029,0.706443,0,2,5,0.019026
1176,87015.000000,12985.000000,35,171697.706151,1241155390.565125,1857.465509,0.889643,0,2,2,0.008173
1177,76332.000000,23668.000000,27,157531.398318,560244009.588711,1627.955054,0.810607,0,2,3,0.009174
1178,75662.000000,24338.000000,25,146888.846341,817393766.700423,1739.129315,0.775595,0,2,3,0.012077
1179,84543.000000,15457.000000,32,181083.270915,921467959.270156,1944.562541,0.862155,0,2,5,0.010420
1180,83109.000000,16891.000000,33,162707.652156,846596827.561745,1537.164678,0.856687,0,2,3,0.017537
1181,80258.000000,19742.000000,29,175418.226224,880360685.493335,2005.597627,0.597224,0,2,3,0.014624
1182,83630.000000,16370.000000,33,183881.445546,1309676656.686190,1841.794880,0.756331,0,2,3,0.021417
1183,80721.000000,19279.000000,30,168945.322851,684074291.495723,1881.326266,0.738549,0,2,3,0.011476
1184,83278.000000,16722.000000,34,193809.255608,1496772372.355451,1969.689187,0.601495,0,2,3,0.015513
1185,75362.000000,24638.000000,27,166368.533079,1249870397.186377,1836.634333,0.703181,0,2,3,0.020554
1186,72508.000000,27492.000000,22,145946.643212,962078911.906872,1852.319370,0.729217,0,2,3,0.018869
1187,80986.000000,19014.000000,28,157138.388926,774678168.411339,1608.338640,0.824462,0,2,3,0.016331
1188,79156.000000,20844.000000,33,180983.212474,1551405064.707923,2083.131769,0.669314,0,2,3,0.010323
1189,70410.000000,29590.000000,23,178937.963172,1688831246.289667,2228.451593,0.689945,0,2,3,0.012956
1190,73220.000000,26780.000000,25,172501.373633,1550611940.595707,1978.219917,0.599128,0,2,3,0.015258
1191,72634.000000,27366.000000,26,177032.636200,1404195154.110213,2327.419614,0.645945,0,2,4,0.015707
1192,82176.000000,17824.000000,33,183564.707137,1278451655.100615,1896.024469,0.826582,0,2,3,0.022182
1193,75577.000000,24423.000000,26,178502.413505,1359754339.602249,2185.933491,0.671730,0,2,3,0.021084
1194,80712.000000,19288.000000,29,165468.979114,1072288483.843615,1775.038932,0.774881,0,2,4,0.011983
1195,81132.000000,18868.000000,30,192435.890882,1380450587.154396,1901.131522,0.604376,0,2,3,0.010801
1196,78127.000000,21873.000000,30,168691.260376,1140095534.225737,2216.610265,0.926664,0,2,4,0.011825
1197,79405.000000,20595.000000,27,196174.438618,1447498264.040167,2051.330216,0.511340,0,2,4,0.019688
1198,76554.000000,23446.000000,30,160052.906816,834851751.484433,1716.269347,0.732982,0,2,3,0.020963
1199,75814.000000,24186.000000,26,174143.766151,1256613334.002952,2085.122937,0.675558,0,2,3,0.016308
1200,84405.000000,15595.000000,33,185422.359764,1623574835.929342,1812.272595,0.767754,0,2,4,0.015344
1201,81847.000000,18153.000000,31,180495.025619,1758566376.276200,2214.468676,0.819620,0,2,4,0.013874
1202,77368.000000,22632.000000,27,159972.135360,635634221.139615,1776.850099,0.672413,0,2,4,0.016181
1203,79963.000000,20037.000000,28,148880.075012,631233934.398095,1748.185957,0.902062,0,2,4,0.025581
1204,75783.000000,24217.000000,28,172465.084806,1077707446.001499,2223.743139,0.612052,0,2,3,0.016586
1205,76541.000000,23459.000000,26,173999.292727,984543256.317803,2016.480398,0.669376,0,2,4,0.019937
1206,77516.000000,22484.000000,28,173220.668757,1023383907.249170,1835.932984,0.585950,0,2,4,0.016449
1207,85104.000000,14896.000000,37,180033.736250,1567192830.436067,1787.358363,0.827042,0,2,2,0.016375
1208,74605.000000,25395.000000,27,152744.868714,848297044.223460,1725.666780,0.734631,0,2,4,0.015609
1209,78333.000000,21667.000000,30,167808.767348,871249600.876994,2109.549609,0.702465,0,2,4,0.019372
1210,73609.000000,26391.000000,26,182872.885309,1491140161.268577,1812.379457,0.676348,0,2,3,0.015823
1211,92582.000000,7418.000000,42,193296.925835,2045630190.370166,1827.703758,0.709295,0,2,3,0.013016
1212,89106.000000,10894.000000,42,191895.275498,1981271665.766475,1782.157984,0.778126,0,2,4,0.006608
1213,74557.000000,25443.000000,26,187237.797719,2117820997.103938,2086.080473,0.694816,0,2,4,0.011267
1214,78033.000000,21967.000000,30,203630.086274,1442954062.308997,2254.196041,0.708168,0,2,4,0.017891
1215,78029.000000,21971.000000,31,169585.728308,1148361807.439848,1918.899262,0.717236,0,2,3,0.016571
1216,78793.000000,21207.000000,28,170920.812554,1146063298.657432,2051.949373,0.810346,0,2,4,0.020833
1217,78689.000000,21311.000000,28,189239.470296,1147293565.642156,2109.321684,0.653051,0,2,4,0.020661
1218,78960.000000,21040.000000,31,184777.828048,1300748932.468092,2044.964105,0.676402,0,2,3,0.011432
1219,76426.000000,23574.000000,27,154587.410374,705648519.962089,1883.915169,0.848072,0,2,3,0.011120
1220,70445.000000,29555.000000,26,180062.983199,1134402347.751774,2445.916340,0.667543,0,2,4,0.020029
1221,79164.000000,20836.000000,31,205227.017248,1738676606.178109,2211.140441,0.627293,0,2,3,0.011919
1222,87043.000000,12957.000000,34,181841.962934,1058921582.853759,1819.282526,0.751142,0,2,3,0.012230
1223,86367.000000,13633.000000,34,198017.146259,1082626494.425172,1783.816570,0.707573,0,2,4,0.011348
1224,74174.000000,25826.000000,26,176890.357318,1469923614.057593,2054.381885,0.656263,0,2,4,0.012995
1225,80930.000000,19070.000000,31,199228.475746,1702928214.739574,2230.467576,0.580172,0,2,4,0.009735
1226,78738.000000,21262.000000,31,177739.372668,938644752.605066,1928.288467,0.659255,0,2,4,0.014393
1227,77528.000000,22472.000000,31,193307.568819,1549825381.136060,2215.463568,0.534646,0,2,3,0.011934
1228,86460.000000,13540.000000,39,189677.655645,1732235675.674960,2062.386739,0.855774,0,2,4,0.007110
1229,80787.000000,19213.000000,30,193269.953047,1261055594.092677,2313.403189,0.715346,0,2,3,0.013908
1230,88986.000000,11014.000000,39,194829.351836,2258863298.526193,1938.677132,0.666225,0,2,4,0.005173
1231,88031.000000,11969.000000,34,191043.744710,963854096.025005,1783.771400,0.754483,0,2,2,0.016430
1232,79703.000000,20297.000000,30,199199.213056,1590737064.925868,2376.612617,0.770042,0,2,4,0.014952
1233,88409.000000,11591.000000,37,206925.252160,1688214289.059157,1925.019927,0.601540,0,2,2,0.013260
1234,82951.000000,17049.000000,32,178399.283693,1302593948.515766,1778.613528,0.709133,0,2,3,0.013490
1235,81534.000000,18466.000000,33,173397.279193,833439475.647203,1747.202953,0.716951,0,2,3,0.021030
1236,83032.000000,16968.000000,31,204005.711276,2058643566.710286,1962.818219,0.725139,0,2,4,0.011042
1237,74367.000000,25633.000000,28,181851.029567,1270403481.086498,1921.156297,0.672325,0,2,4,0.007854
1238,78616.000000,21384.000000,31,204770.174454,1188225174.319374,2314.410565,0.576816,0,2,4,0.011575
1239,74682.000000,25318.000000,25,183057.173953,1805836802.131815,2117.575184,0.613397,0,2,4,0.018394
1240,73837.000000,26163.000000,27,162315.499445,863426278.928814,1765.529550,0.702349,0,2,4,0.013595
1241,82963.000000,17037.000000,33,192396.615562,1780971486.464873,1821.243497,0.699191,0,2,5,0.017669
1242,86289.000000,13711.000000,36,192410.156034,1520039445.594174,2041.314369,0.770201,0,2,4,0.009875
1243,80397.000000,19603.000000,30,176119.255658,1267914928.871800,1915.281258,0.631815,0,2,4,0.019508
1244,74795.000000,25205.000000,23,163700.541832,961740543.954378,2016.536478,0.786348,0,2,3,0.023157
1245,92188.000000,7812.000000,41,193284.921499,1826273375.410213,1879.192495,0.727004,0,2,4,0.001624
1246,63516.000000,36484.000000,8,46924.686243,294073802.546933,1159.733740,0.000000,0,0,4,0.005142
1247,51622.000000,48378.000000,2,36530.680772,432775072.036939,1159.930683,0.000000,0,0,5,0.011108
1248,57225.000000,42775.000000,6,41198.315419,341163431.836620,1205.315598,0.000000,0,0,4,0.004914
1249,49516.000000,50484.000000,2,35527.856601,531400808.449369,1149.570721,0.000000,0,0,2,0.003808
1250,53658.000000,46342.000000,2,40681.891048,469463469.162001,1170.550688,0.000000,0,0,5,0.004822
